0 0.000
1 1.233
2 1.206
3 1.197
4 1.189
5 1.208
6 1.194
7 1.281
8 1.183
9 1.158
10 1.161
11 1.212
12 1.208
13 1.243
14 1.249
15 1.201
16 1.228
17 1.244
18 1.176
19 1.149
20 1.202
21 1.220
22 1.197
23 1.212
24 1.179
25 1.188
26 1.173
27 1.260
28 1.222
29 1.160
30 1.163
31 1.150
32 1.226
33 1.193
34 1.212
35 1.216
36 1.194
37 1.157
38 1.219
39 1.148
40 1.218
41 1.221
42 1.171
43 1.182
44 1.202
45 1.248
46 1.197
47 1.165
48 1.187
49 1.256
50 1.228
51 1.239
52 1.221
53 1.224
54 1.249
55 1.217
56 1.233
57 1.192
58 1.201
59 1.227
60 1.186
61 1.191
62 1.221
63 1.232
64 1.207
65 1.208
66 1.230
67 1.225
68 1.215
69 1.193
70 1.235
71 1.228
72 1.229
73 1.180
74 1.144
75 1.209
76 1.227
77 1.222
78 1.253
79 1.215
80 1.128
81 1.142
82 1.191
83 1.225
84 1.187
85 1.207
86 1.222
87 1.238
88 1.241
89 1.231
90 1.232
91 1.179
92 1.178
93 1.204
94 1.216
95 1.213
96 1.220
97 1.168
98 1.271
99 1.180
100 1.283
101 1.222
102 1.203
103 1.160
104 1.217
105 1.223
106 1.197
107 1.190
108 1.163
109 1.139
110 1.160
111 1.206
112 1.167
113 1.193
114 1.170
115 1.216
116 1.213
117 1.198
118 1.270
119 1.222
120 1.174
121 1.209
122 1.225
123 1.258
124 1.225
125 1.211
126 1.154
127 1.172
128 1.178
129 1.151
130 1.168
131 1.173
132 1.208
133 1.184
134 1.169
135 1.159
136 1.192
137 1.263
138 1.242
139 1.166
140 1.240
141 1.226
142 1.180
143 1.134
144 1.158
145 1.223
146 1.231
147 1.251
148 1.173
149 1.202
150 1.237
151 1.134
152 1.142
153 1.165
154 1.190
155 1.155
156 1.221
157 1.216
158 1.219
159 1.236
160 1.213
161 1.224
162 1.180
163 1.196
164 1.226
165 1.219
166 1.236
167 1.161
168 1.200
169 1.166
170 1.199
171 1.260
172 1.201
173 1.208
174 1.213
175 1.219
176 1.170
177 1.175
178 1.215
179 1.226
180 1.165
181 1.182
182 1.210
183 1.206
184 1.241
185 1.151
186 1.187
187 1.235
188 1.248
189 1.187
190 1.158
191 1.202
192 1.213
193 1.161
194 1.156
195 1.244
196 1.234
197 1.198
198 1.248
199 1.210
200 1.260
201 1.227
202 1.191
203 1.208
204 1.209
205 1.219
206 1.243
207 1.201
208 1.181
209 1.227
210 1.241
211 1.158
212 1.193
213 1.211
214 1.223
215 1.143
216 1.234
217 1.215
218 1.190
219 1.211
220 1.215
221 1.244
222 1.187
223 1.158
224 1.190
225 1.197
226 1.192
227 1.169
228 1.174
229 1.179
230 1.199
231 1.165
232 1.227
233 1.193
234 1.309
235 1.176
236 1.217
237 1.150
238 1.189
239 1.179
240 1.227
241 1.230
242 1.174
243 1.215
244 1.201
245 1.233
246 1.193
247 1.164
248 1.229
249 1.241
250 1.145
251 1.188
252 1.209
253 1.208
254 1.239
255 1.224
256 1.157
257 1.212
258 1.200
259 1.190
260 1.138
261 1.179
262 1.223
263 1.239
264 1.153
265 1.252
266 1.264
267 1.232
268 1.160
269 1.144
270 1.197
271 1.234
272 1.256
273 1.190
274 1.164
275 1.149
276 1.226
277 1.203
278 1.185
279 1.216
280 1.167
281 1.226
282 1.197
283 1.187
284 1.161
285 1.199
286 1.270
287 1.204
288 1.197
289 1.222
290 1.190
291 1.183
292 1.180
293 1.189
294 1.162
295 1.184
296 1.198
297 1.192
298 1.248
299 1.148
300 1.216
301 1.215
302 1.231
303 1.270
304 1.206
305 1.211
306 1.164
307 1.162
308 1.216
309 1.175
310 1.156
311 1.222
312 1.262
313 1.220
314 1.227
315 1.232
316 1.234
317 1.248
318 1.247
319 1.227
320 1.218
321 1.244
322 1.165
323 1.252
324 1.203
325 1.160
326 1.222
327 1.187
328 1.242
329 1.188
330 1.189
331 1.152
332 1.183
333 1.159
334 1.219
335 1.177
336 1.153
337 1.191
338 1.208
339 1.189
340 1.184
341 1.159
342 1.168
343 1.198
344 1.162
345 1.178
346 1.174
347 1.221
348 1.236
349 1.156
350 1.233
351 1.237
352 1.231
353 1.147
354 1.176
355 1.139
356 1.256
357 1.200
358 1.182
359 1.244
360 1.195
361 1.229
362 1.217
363 1.184
364 1.179
365 1.229
366 1.221
367 1.219
368 1.238
369 1.164
370 1.162
371 1.185
372 1.194
373 1.257
374 1.222
375 1.176
376 1.227
377 1.235
378 1.204
379 1.230
380 1.171
381 1.178
382 1.182
383 1.224
384 1.206
385 1.170
386 1.205
387 1.137
388 1.185
389 1.194
390 1.207
391 1.174
392 1.165
393 1.211
394 1.204
395 1.200
396 1.241
397 1.184
398 1.164
399 1.194
400 1.173
401 1.193
402 1.214
403 1.154
404 1.231
405 1.158
406 1.201
407 1.138
408 1.244
409 1.184
410 1.173
411 1.155
412 1.233
413 1.190
414 1.255
415 1.190
416 1.252
417 1.217
418 1.176
419 1.173
420 1.247
421 1.208
422 1.175
423 1.240
424 1.141
425 1.172
426 1.152
427 1.219
428 1.232
429 1.175
430 1.209
431 1.136
432 1.387
433 1.162
434 1.212
435 1.242
436 1.252
437 1.168
438 1.207
439 1.161
440 1.158
441 1.251
442 1.248
443 1.141
444 1.222
445 1.210
446 1.182
447 1.207
448 1.234
449 1.207
450 1.192
451 1.198
452 1.192
453 1.186
454 1.190
455 1.184
456 1.260
457 1.238
458 1.204
459 1.338
460 1.223
461 1.220
462 1.231
463 1.132
464 1.215
465 1.202
466 1.208
467 1.238
468 1.213
469 1.148
470 1.144
471 1.172
472 1.180
473 1.169
474 1.151
475 1.196
476 1.172
477 1.248
478 1.212
479 1.243
480 1.226
481 1.194
482 1.162
483 1.174
484 1.192
485 1.204
486 1.203
487 1.175
488 1.177
489 1.183
490 1.184
491 1.180
492 1.200
493 1.205
494 1.191
495 1.212
496 1.167
497 1.227
498 1.171
499 1.286
500 1.242
501 1.224
502 1.193
503 1.165
504 1.174
505 1.249
506 1.220
507 1.173
508 1.243
509 1.234
510 1.202
511 1.220
512 1.170
513 1.217
514 1.163
515 1.209
516 1.166
517 1.161
518 1.228
519 1.193
520 1.167
521 1.210
522 1.228
523 1.207
524 1.176
525 1.232
526 1.238
527 1.226
528 1.300
529 1.194
530 1.177
531 1.173
532 1.229
533 1.223
534 1.220
535 1.217
536 1.161
537 1.174
538 1.261
539 1.145
540 1.244
541 1.161
542 1.225
543 1.158
544 1.202
545 1.210
546 1.169
547 1.208
548 1.248
549 1.237
550 1.182
551 1.176
552 1.164
553 1.208
554 1.169
555 1.163
556 1.213
557 1.192
558 1.159
559 1.267
560 1.209
561 1.215
562 1.228
563 1.224
564 1.225
565 1.217
566 1.196
567 1.216
568 1.263
569 1.270
570 1.174
571 1.252
572 1.223
573 1.242
574 1.219
575 1.189
576 1.182
577 1.208
578 1.222
579 1.172
580 1.136
581 1.176
582 1.222
583 1.184
584 1.244
585 1.194
586 1.204
587 1.196
588 1.214
589 1.228
590 1.250
591 1.191
592 1.151
593 1.226
594 1.179
595 1.246
596 1.157
597 1.220
598 1.236
599 1.152
600 1.213
601 1.209
602 1.212
603 1.165
604 1.205
605 1.269
606 1.220
607 1.163
608 1.261
609 1.198
610 1.234
611 1.171
612 1.171
613 1.231
614 1.221
615 1.163
616 1.173
617 1.201
618 1.185
619 1.159
620 1.149
621 1.170
622 1.236
623 1.150
624 1.176
625 1.202
626 1.214
627 1.171
628 1.248
629 1.156
630 1.220
631 1.183
632 1.203
633 1.155
634 1.214
635 1.227
636 1.250
637 1.167
638 1.182
639 1.168
640 1.188
641 1.196
642 1.249
643 1.240
644 1.202
645 1.209
646 1.175
647 1.221
648 1.239
649 1.224
650 1.211
651 1.220
652 1.198
653 1.209
654 1.216
655 1.161
656 1.144
657 1.150
658 1.225
659 1.193
660 1.182
661 1.204
662 1.212
663 1.238
664 1.214
665 1.171
666 1.143
667 1.185
668 1.252
669 1.218
670 1.219
671 1.200
672 1.200
673 1.202
674 1.228
675 1.234
676 1.212
677 1.230
678 1.204
679 1.202
680 1.212
681 1.163
682 1.203
683 1.212
684 1.212
685 1.166
686 1.245
687 1.164
688 1.219
689 1.202
690 1.144
691 1.225
692 1.163
693 1.269
694 1.231
695 1.202
696 1.174
697 1.209
698 1.259
699 1.201
700 1.238
701 1.227
702 1.225
703 1.219
704 1.177
705 1.203
706 1.209
707 1.168
708 1.178
709 1.167
710 1.131
711 1.232
712 1.177
713 1.218
714 1.228
715 1.166
716 1.151
717 1.226
718 1.183
719 1.216
720 1.237
721 1.249
722 1.273
723 1.151
724 1.183
725 1.207
726 1.154
727 1.223
728 1.153
729 1.207
730 1.208
731 1.161
732 1.177
733 1.199
734 1.208
735 1.222
736 1.195
737 1.209
738 1.165
739 1.171
740 1.177
741 1.233
742 1.238
743 1.185
744 1.241
745 1.172
746 1.160
747 1.228
748 1.215
749 1.172
750 1.179
751 1.157
752 1.226
753 1.343
754 1.202
755 1.223
756 1.208
757 1.203
758 1.185
759 1.220
760 1.173
761 1.168
762 1.181
763 1.225
764 1.176
765 1.209
766 1.160
767 1.197
768 1.171
769 1.157
770 1.193
771 1.219
772 1.223
773 1.151
774 1.187
775 1.206
776 1.170
777 1.180
778 1.243
779 1.224
780 1.156
781 1.131
782 1.213
783 1.147
784 1.175
785 1.206
786 1.184
787 1.233
788 1.195
789 1.198
790 1.148
791 1.143
792 1.163
793 1.238
794 1.225
795 1.171
796 1.207
797 1.202
798 1.164
799 1.212
800 1.236
801 1.186
802 1.165
803 1.231
804 1.191
805 1.223
806 1.257
807 1.161
808 1.167
809 1.242
810 1.191
811 1.246
812 1.178
813 1.216
814 1.211
815 1.159
816 1.191
817 1.232
818 1.238
819 1.237
820 1.202
821 1.222
822 1.208
823 1.242
824 1.233
825 1.178
826 1.225
827 1.240
828 1.237
829 1.176
830 1.216
831 1.186
832 1.184
833 1.226
834 1.209
835 1.198
836 1.179
837 1.196
838 1.220
839 1.181
840 1.172
841 1.160
842 1.258
843 1.175
844 1.176
845 1.157
846 1.199
847 1.207
848 1.145
849 1.222
850 1.190
851 1.146
852 1.188
853 1.235
854 1.221
855 1.153
856 1.184
857 1.239
858 1.189
859 1.193
860 1.218
861 1.232
862 1.166
863 1.222
864 1.256
865 1.245
866 1.197
867 1.148
868 1.213
869 1.234
870 1.261
871 1.212
872 1.212
873 1.211
874 1.215
875 1.208
876 1.219
877 1.134
878 1.222
879 1.154
880 1.222
881 1.218
882 1.210
883 1.175
884 1.185
885 1.214
886 1.185
887 1.234
888 1.185
889 1.247
890 1.230
891 1.396
892 1.263
893 1.229
894 1.248
895 1.192
896 1.219
897 1.217
898 1.214
899 1.175
900 1.196
901 1.225
902 1.225
903 1.151
904 1.170
905 1.214
906 1.216
907 1.237
908 1.177
909 1.233
910 1.232
911 1.157
912 1.224
913 1.183
914 1.219
915 1.191
916 1.161
917 1.176
918 1.185
919 1.196
920 1.192
921 1.161
922 1.195
923 1.180
924 1.190
925 1.139
926 1.241
927 1.255
928 1.224
929 1.155
930 1.202
931 1.225
932 1.194
933 1.153
934 1.235
935 1.233
936 1.210
937 1.212
938 1.204
939 1.182
940 1.145
941 1.155
942 1.167
943 1.156
944 1.202
945 1.181
946 1.221
947 1.185
948 1.229
949 1.205
950 1.159
951 1.214
952 1.137
953 1.197
954 1.219
955 1.191
956 1.199
957 1.189
958 1.172
959 1.168
960 1.200
961 1.188
962 1.228
963 1.183
964 1.227
965 1.220
966 1.152
967 1.240
968 1.231
969 1.198
970 1.241
971 1.260
972 1.263
973 1.152
974 1.206
975 1.167
976 1.214
977 1.177
978 1.217
979 1.222
980 1.192
981 1.219
982 1.225
983 1.179
984 1.218
985 1.241
986 1.137
987 1.194
988 1.179
989 1.252
990 1.214
991 1.226
992 1.225
993 1.217
994 1.151
995 1.163
996 1.203
997 1.246
998 1.206
999 1.207
1000 1.184
