1 0.000000
2 7.605120
3 7.288480
4 7.499520
5 7.154240
6 7.502400
7 7.248000
8 7.410560
9 7.408320
10 7.327360
11 7.269760
12 7.300640
13 7.329600
14 7.338880
15 7.299360
16 7.133760
17 7.323040
18 7.140000
19 7.447520
20 7.230560
21 7.480960
22 7.377280
23 7.440960
24 7.340800
25 7.442080
26 7.696960
27 7.395680
28 7.328960
29 7.382240
30 7.323040
31 7.383520
32 7.336480
33 7.353120
34 7.435040
35 7.381600
36 7.495840
37 7.279200
38 7.453440
39 7.153280
40 7.338720
41 7.243200
42 7.495840
43 7.368000
44 7.509280
45 7.348800
46 7.457760
47 7.318560
48 7.580000
49 7.392960
50 7.435680
51 7.577120
52 7.392960
53 7.327040
54 7.364000
55 7.494560
56 7.343040
57 7.307520
58 7.116480
59 7.326400
60 7.408800
61 7.899200
62 7.305600
63 7.589120
64 7.372160
65 7.460000
66 7.328000
67 7.438720
68 7.601920
69 7.399040
70 7.303040
71 7.331680
72 7.356000
73 7.308160
74 7.350080
75 7.268480
76 7.353440
77 7.114240
78 7.263040
79 7.053280
80 7.860480
81 7.156320
82 7.443840
83 7.240320
84 7.684160
85 7.487200
86 7.656160
87 7.439840
88 7.539520
89 7.511040
90 7.301760
91 7.231840
92 7.662880
93 7.336480
94 7.362240
95 7.243680
96 7.046400
97 7.303040
98 7.111840
99 7.836960
100 7.080000
101 7.494240
102 7.335040
103 7.404960
104 7.290240
105 7.345600
106 7.284480
107 7.310080
108 7.395360
109 7.263360
110 7.454560
111 7.242880
112 7.240960
113 7.401600
114 7.122560
115 7.089760
116 7.206560
117 7.018240
118 7.487040
119 7.312960
120 7.408960
121 7.148160
122 7.325760
123 7.469760
124 7.212000
125 7.172800
126 7.286240
127 7.178080
128 7.156000
129 7.093760
130 7.069920
131 7.196320
132 6.991680
133 7.063040
134 6.963040
135 7.336480
136 7.289920
137 7.432960
138 7.090080
139 7.678720
140 7.142880
141 7.117440
142 7.148000
143 7.059680
144 7.135680
145 7.046400
146 7.137920
147 6.916800
148 7.288640
149 7.130400
150 7.272320
151 7.212480
152 7.156960
153 7.324480
154 7.265760
155 7.026720
156 7.063840
157 7.117440
158 6.892960
159 7.148320
160 7.028000
161 7.189440
162 7.056800
163 7.115520
164 6.989920
165 7.050080
166 7.062560
167 6.806240
168 6.954560
169 6.874400
170 7.354080
171 7.068960
172 7.145920
173 6.979360
174 7.054400
175 7.183680
176 7.031040
177 6.961440
178 6.990080
179 7.074240
180 6.789920
181 7.061920
182 7.006560
183 7.357600
184 7.048480
185 6.989600
186 6.923680
187 6.992800
188 6.977920
189 6.782560
190 6.912800
191 6.681920
192 7.056800
193 6.863200
194 6.928160
195 6.851040
196 6.840320
197 6.904480
198 6.933120
199 6.999040
200 6.723840
201 7.472640
202 6.906080
203 6.935200
204 6.834400
205 7.053440
206 6.856480
207 6.830400
208 6.826880
209 6.621600
210 6.983840
211 6.854240
212 6.918880
213 7.010560
214 7.129600
215 6.989760
216 6.827840
217 6.784000
218 6.641920
219 7.149920
220 6.860480
221 6.921760
222 6.791520
223 6.833280
224 6.984160
225 6.733440
226 6.815360
227 6.506720
228 6.972160
229 6.573120
230 6.922400
231 6.573920
232 6.772960
233 6.787360
234 6.896640
235 6.702240
236 6.502400
237 6.928160
238 6.611680
239 6.892480
240 6.593760
241 6.762080
242 6.879200
243 6.558400
244 6.725920
245 6.510720
246 6.841600
247 7.092480
248 6.747840
249 6.728640
250 6.702560
251 6.746560
252 6.591520
253 6.898560
254 6.706400
255 6.880800
256 6.742720
257 6.902400
258 6.745920
259 6.954240
260 6.930240
261 6.566720
262 7.629760
263 6.522720
264 6.827200
265 6.741440
266 6.906720
267 6.733600
268 6.562080
269 6.753440
270 6.691680
271 6.834400
272 6.727040
273 6.969440
274 6.763040
275 6.696000
276 6.664160
277 6.518400
278 6.870880
279 6.693120
280 7.044640
281 6.635040
282 6.921760
283 6.735040
284 6.536160
285 6.657120
286 6.454720
287 6.812480
288 6.722560
289 6.687680
290 6.659680
291 6.396160
292 6.633440
293 6.466880
294 6.676640
295 6.571680
296 6.693600
297 6.618560
298 6.474720
299 6.553600
300 6.389280
301 6.733760
302 6.602880
303 6.626560
304 6.656000
305 6.357120
306 6.576480
307 6.388000
308 6.670400
309 6.512000
310 6.566720
311 6.657440
312 6.405920
313 6.832800
314 6.517440
315 6.694720
316 6.526880
317 6.710560
318 6.523520
319 6.322240
320 6.413760
321 6.260480
322 6.542880
323 6.352160
324 6.594400
325 6.333600
326 6.170720
327 6.384800
328 6.294400
329 6.326240
330 6.329440
331 6.187040
332 6.404640
333 6.174880
334 6.477280
335 6.355040
336 6.043200
337 6.174080
338 6.048640
339 6.218080
340 6.225280
341 6.060000
342 6.179040
343 5.912320
344 6.166560
345 6.164800
346 5.952640
347 6.064800
348 5.924640
349 6.151840
350 6.134400
351 5.952800
352 6.744800
353 5.784800
354 6.097120
355 6.029920
356 5.849440
357 6.103680
358 5.995840
359 6.301280
360 5.963360
361 5.761120
362 5.969920
363 5.840640
364 5.697760
365 5.887360
366 5.793440
367 5.911520
368 5.767520
369 5.570880
370 5.950880
371 5.778560
372 5.824160
373 5.704640
374 5.553600
375 5.829760
376 5.673280
377 5.564800
378 5.801120
379 5.739680
380 5.580640
381 5.809120
382 5.527040
383 5.686560
384 5.607200
385 5.451680
386 5.759200
387 5.668320
388 5.510400
389 6.161280
390 5.478880
391 5.610560
392 5.467680
393 5.235520
394 5.548480
395 5.367520
396 5.209280
397 5.447680
398 5.384960
399 5.408320
400 5.720320
401 5.491200
402 5.386240
403 5.709440
404 5.524960
405 5.629920
406 5.578880
407 5.317920
408 5.592000
409 5.530560
410 5.395520
411 5.616800
412 5.653600
413 5.326080
414 5.517920
415 5.344480
416 5.578400
417 5.416160
418 5.272640
419 5.483200
420 5.460800
421 5.296640
422 5.487040
423 5.471360
424 5.211200
425 5.564960
426 5.384160
427 5.365280
428 5.489600
429 5.347680
430 5.204800
431 5.407040
432 5.228160
433 5.529440
434 5.412160
435 5.163360
436 5.432320
437 5.371360
438 5.209600
439 5.498240
440 5.313600
441 5.189600
442 5.442560
443 5.263360
444 5.148640
445 5.310880
446 5.211040
447 5.077920
448 5.368800
449 5.353120
450 5.281920
451 5.419520
452 5.273280
453 5.083680
454 5.254400
455 5.102560
456 5.097920
457 5.192000
458 5.003840
459 4.988800
460 5.176320
461 5.009920
462 5.178400
463 5.316320
464 4.986720
465 5.132160
466 5.171360
467 5.011680
468 5.198560
469 5.112320
470 4.958720
471 4.861120
472 5.055520
473 4.928960
474 4.900160
475 5.021120
476 4.930560
477 4.890400
478 5.068000
479 4.900000
480 4.815680
481 5.728640
482 4.810560
483 4.784800
484 5.110560
485 4.930560
486 4.840320
487 5.113600
488 4.824160
489 4.690240
490 4.973120
491 4.866080
492 4.711360
493 4.893760
494 4.887360
495 4.690080
496 4.943200
497 4.863840
498 4.824160
499 4.878720
500 4.702400
501 4.578400
502 4.593600
503 5.271040
504 4.828160
505 4.609120
506 4.866880
507 4.660960
508 4.489760
509 4.813760
510 4.644160
511 4.490720
512 4.924800
513 4.599040
514 4.806560
515 4.469920
516 5.160800
517 4.504320
518 4.519360
519 4.703520
520 4.614080
521 4.441760
522 4.605440
523 4.465440
524 4.392320
525 4.822560
526 4.440320
527 4.522720
528 4.328800
529 5.031040
530 4.357120
531 4.298720
532 4.509600
533 4.332320
534 4.208640
535 4.321280
536 4.382880
537 4.226560
538 4.225280
539 4.448480
540 4.306400
541 4.235680
542 4.185440
543 4.227840
544 4.149280
545 4.113600
546 4.322080
547 4.190880
548 4.201920
549 4.060480
550 4.384960
551 4.207200
552 4.145440
553 4.562560
554 4.222240
555 4.112000
556 4.117120
557 4.289120
558 4.154400
559 4.051520
560 4.037280
561 4.111200
562 4.041120
563 3.997920
564 4.293120
565 4.096320
566 4.037760
567 4.016640
568 4.279840
569 3.985440
570 3.996640
571 4.226880
572 4.115520
573 4.039040
574 3.925920
575 4.126080
576 4.005280
577 3.882080
578 3.885760
579 4.227840
580 4.040000
581 4.036000
582 4.083040
583 4.157920
584 3.836800
585 3.752640
586 4.004960
587 3.908640
588 3.656960
589 3.779840
590 4.012800
591 3.860960
592 3.764160
593 3.743840
594 3.877280
595 3.763360
596 3.764480
597 3.934560
598 3.843360
599 3.725280
600 3.738560
601 4.046240
602 3.979200
603 3.736320
604 3.769280
605 3.930880
606 3.845280
607 3.700480
608 3.721600
609 3.832800
610 3.739520
611 3.651840
612 3.656800
613 3.816000
614 3.806880
615 3.607200
616 3.611840
617 3.807840
618 3.721280
619 3.619680
620 3.646560
621 3.821600
622 3.699680
623 3.678400
624 3.579840
625 3.737120
626 3.709920
627 3.564320
628 3.689920
629 3.505280
630 3.754720
631 3.489440
632 3.481600
633 3.456320
634 3.560160
635 3.472640
636 3.478720
637 3.470080
638 3.661440
639 3.568640
640 3.441440
641 3.373120
642 3.585120
643 3.490720
644 3.391360
645 3.362720
646 3.542240
647 3.410880
648 3.350560
649 3.328160
650 3.333920
651 3.600960
652 3.420000
653 3.342400
654 3.358720
655 3.521920
656 3.410880
657 3.313600
658 3.300320
659 3.568960
660 3.405120
661 3.306080
662 3.295200
663 3.276800
664 3.451680
665 3.320640
666 3.229760
667 3.189440
668 3.246400
669 3.312480
670 3.308480
671 3.210080
672 3.227680
673 3.394240
674 3.462560
675 3.163040
676 3.238080
677 3.162080
678 3.270880
679 3.184480
680 3.158240
681 3.244800
682 3.465600
683 3.210240
684 3.147040
685 3.259520
686 3.368160
687 3.280640
688 3.210080
689 3.208960
690 3.208000
691 3.395360
692 3.228640
693 3.124160
694 3.116320
695 3.132160
696 3.248960
697 3.146720
698 3.173440
699 3.211200
700 3.343680
701 3.243840
702 3.146080
703 3.159360
704 3.160960
705 3.509920
706 3.173440
707 3.158080
708 3.181280
709 3.324000
710 3.228640
711 3.157120
712 3.157120
713 3.147680
714 3.598400
715 3.249120
716 3.179200
717 3.185280
718 3.366720
719 3.239520
720 3.160320
721 3.156960
722 3.180800
723 3.388800
724 3.373120
725 3.195840
726 3.193120
727 3.259840
728 3.291360
729 3.215360
730 3.207840
731 3.127520
732 3.381120
733 3.255840
734 3.167840
735 3.177120
736 3.501120
737 3.236160
738 3.125440
739 3.154240
740 3.108480
741 3.151840
742 3.240640
743 3.136960
744 3.162400
745 3.150720
746 3.346080
747 3.162720
748 3.111040
749 3.100000
750 3.155840
751 3.231520
752 3.206880
753 3.276800
754 3.213440
755 3.394400
756 3.441120
757 3.027520
758 3.043840
759 3.252000
760 3.894720
761 3.263040
762 3.280800
763 3.272000
764 3.476320
765 3.346080
766 3.308480
767 3.305440
768 3.485120
769 3.415680
770 3.325920
771 3.293920
772 3.301760
773 3.425120
774 3.284000
775 3.282080
776 3.359200
777 3.486880
778 3.396320
779 3.277600
780 3.308160
781 3.432160
782 3.323680
783 3.480960
784 3.256800
785 3.341920
786 3.330400
787 3.376160
788 3.257280
789 3.270400
790 3.547360
791 3.379840
792 3.335520
793 3.320160
794 3.302240
795 3.393920
796 3.333120
797 3.364960
798 3.187360
799 3.686560
800 3.397760
801 3.332000
802 3.328800
803 3.548000
804 3.530880
805 3.359360
806 3.411040
807 3.408640
808 3.448320
809 3.497600
810 3.401920
811 3.356800
812 3.605760
813 3.483680
814 3.428000
815 3.366400
816 3.764960
817 3.515360
818 3.347040
819 3.532160
820 3.369920
821 3.663040
822 3.400320
823 3.379520
824 3.402240
825 4.301440
826 3.435840
827 3.372640
828 3.387680
829 3.698080
830 3.676960
831 3.421440
832 3.429920
833 3.829760
834 3.870720
835 3.386880
836 3.374080
837 3.656160
838 3.523200
839 3.471520
840 3.565760
841 3.600800
842 3.518400
843 3.435840
844 3.402240
845 3.445920
846 3.534560
847 3.300960
848 3.495520
849 3.494880
850 3.886400
851 3.563520
852 3.478880
853 3.494400
854 3.772800
855 3.662400
856 3.581440
857 3.777760
858 3.831200
859 3.651360
860 3.622560
861 3.601920
862 4.089920
863 3.772160
864 3.723360
865 3.700960
866 3.857760
867 3.772800
868 3.704960
869 3.676960
870 3.919040
871 3.876160
872 3.723360
873 3.700480
874 3.967520
875 3.750080
876 3.737120
877 3.651360
878 4.049440
879 3.822560
880 3.682560
881 3.676000
882 3.726720
883 3.810720
884 3.694400
885 3.704000
886 3.996640
887 3.874560
888 3.749920
889 3.762400
890 3.854240
891 3.814240
892 3.813600
893 3.811680
894 3.948960
895 3.842880
896 3.858400
897 4.006560
898 3.926080
899 3.874560
900 3.880000
901 4.107200
902 4.019200
903 3.920960
904 3.927040
905 4.192320
906 3.953440
907 3.897120
908 3.979200
909 4.125760
910 4.005920
911 4.016800
912 4.334720
913 4.072160
914 3.963360
915 3.932640
916 4.256480
917 4.061280
918 3.997600
919 3.970560
920 4.160160
921 4.012320
922 4.022240
923 4.162400
924 4.263840
925 3.960800
926 3.845440
927 4.127520
928 3.882240
929 3.861120
930 3.822880
931 4.150560
932 3.946560
933 3.853920
934 3.816160
935 4.516800
936 3.780320
937 3.740800
938 3.873760
939 3.897600
940 3.805600
941 3.782400
942 3.907520
943 3.644640
944 3.668320
945 3.668480
946 3.598560
947 3.742560
948 3.764000
949 3.560800
950 3.747840
951 3.603840
952 3.751520
953 3.423200
954 3.454880
955 3.477920
956 3.595840
957 3.423520
958 3.404640
959 3.611680
960 3.486720
961 3.390240
962 3.402080
963 3.582240
964 3.644160
965 3.420480
966 3.217920
967 3.208320
968 3.444000
969 3.130400
970 3.188320
971 3.125280
972 3.358880
973 3.270240
974 3.080800
975 3.330080
976 3.083040
977 3.045120
978 2.943360
979 2.925280
980 2.910080
981 3.163200
982 3.031040
983 2.936960
984 2.874080
985 2.909440
986 3.083040
987 2.927040
988 2.882240
989 2.821440
990 2.854400
991 2.984160
992 2.877600
993 2.770880
994 2.777760
995 2.700640
996 2.955360
997 2.747680
998 2.684480
999 2.712160
1000 2.730400
1001 2.905280
1002 2.935840
1003 2.734560
1004 2.765600
1005 2.640480
1006 2.829120
1007 2.672640
1008 2.620640
1009 2.663520
1010 2.539360
1011 2.561600
1012 2.657920
1013 2.610880
1014 2.617440
1015 2.613760
1016 2.649440
1017 2.740640
1018 2.552320
1019 2.466880
1020 2.496160
1021 2.484000
1022 2.488320
1023 2.555200
1024 2.560800
1025 2.535040
1026 2.522240
1027 2.521440
1028 2.615520
1029 2.891680
1030 2.432960
1031 2.428160
1032 2.419840
1033 2.505760
1034 2.646880
1035 2.537920
1036 2.475200
1037 2.471200
1038 2.488800
1039 2.491680
1040 2.712320
1041 2.510560
1042 2.527840
1043 2.517600
1044 2.550080
1045 2.542720
1046 2.763040
1047 2.565600
1048 2.598400
1049 2.630560
1050 2.697600
1051 2.789920
1052 2.647360
1053 2.573760
1054 2.585920
1055 2.615360
1056 2.641600
1057 2.712800
1058 2.669920
1059 2.710240
1060 2.673440
1061 2.675040
1062 2.875360
1063 2.658720
1064 2.711040
1065 2.660480
1066 2.687360
1067 2.889600
1068 2.805280
1069 2.723360
1070 2.786240
1071 2.778080
1072 2.941440
1073 2.877920
1074 2.763360
1075 2.734240
1076 2.774080
1077 2.983840
1078 2.853440
1079 2.808160
1080 2.807520
1081 2.856000
1082 3.062400
1083 3.043200
1084 2.859680
1085 2.942240
1086 2.887840
1087 3.076000
1088 3.009600
1089 3.138240
1090 2.919040
1091 3.056480
1092 3.183360
1093 3.016640
1094 2.950080
1095 2.977600
1096 2.969760
1097 3.218560
1098 3.090240
1099 3.015200
1100 3.042560
1101 3.028000
1102 3.644000
1103 3.064960
1104 3.047840
1105 3.073280
1106 3.273280
1107 3.424480
1108 3.149760
1109 3.171520
1110 3.240160
1111 3.445280
1112 3.271040
1113 3.199040
1114 3.170400
1115 3.235040
1116 3.309920
1117 3.235840
1118 3.232480
1119 3.265760
1120 3.392480
1121 3.270400
1122 3.185600
1123 3.217600
1124 3.224320
1125 3.310560
1126 3.246080
1127 3.310560
1128 3.302880
1129 3.494880
1130 3.356320
1131 3.299520
1132 3.301760
1133 3.529280
1134 3.422080
1135 3.373920
1136 3.412160
1137 3.438080
1138 3.462080
1139 3.371520
1140 3.342880
1141 3.348000
1142 3.604640
1143 3.544480
1144 3.469280
1145 3.444960
1146 3.712640
1147 3.574560
1148 3.465920
1149 3.468000
1150 3.631520
1151 3.612160
1152 3.510880
1153 3.522720
1154 3.529760
1155 3.585120
1156 3.500480
1157 3.460480
1158 3.457120
1159 3.800160
1160 3.518080
1161 3.493440
1162 3.501760
1163 3.686400
1164 3.570240
1165 3.811360
1166 3.706240
1167 4.000160
1168 3.907520
1169 3.787520
1170 3.796960
1171 4.029120
1172 3.902880
1173 3.759360
1174 3.884480
1175 3.865600
1176 3.835520
1177 3.967840
1178 4.065120
1179 3.894720
1180 3.807680
1181 3.813600
1182 4.030560
1183 3.974560
1184 3.873760
1185 3.847520
1186 4.130080
1187 3.919680
1188 3.846400
1189 3.860800
1190 4.129600
1191 3.957600
1192 3.859680
1193 3.924960
1194 4.097920
1195 3.978720
1196 3.902400
1197 3.921600
1198 4.003040
1199 3.937440
1200 3.973440
1201 4.118400
1202 4.034400
1203 3.942400
1204 4.008960
1205 4.182720
1206 4.073600
1207 4.048320
1208 4.044640
1209 4.061600
1210 3.950400
1211 3.970720
1212 4.294560
1213 4.103520
1214 4.001280
1215 4.040960
1216 4.195520
1217 4.057280
1218 3.987520
1219 4.083520
1220 4.599360
1221 4.019360
1222 3.998880
1223 4.156320
1224 4.140640
1225 4.031200
1226 4.010080
1227 4.256480
1228 4.128800
1229 4.037280
1230 4.008160
1231 4.072160
1232 3.969120
1233 4.029600
1234 4.213280
1235 4.180160
1236 4.097760
1237 4.067200
1238 4.260480
1239 4.168000
1240 4.025120
1241 4.027840
1242 4.190080
1243 4.063840
1244 4.071200
1245 4.186880
1246 4.115040
1247 4.010400
1248 4.223840
1249 4.506400
1250 4.359680
1251 4.041920
1252 4.226720
1253 4.159520
1254 4.051200
1255 4.042560
1256 4.295200
1257 4.234720
1258 4.142240
1259 4.143840
1260 4.178560
1261 4.182400
1262 4.358720
1263 4.336160
1264 4.265120
1265 4.195040
1266 4.109600
1267 4.351840
1268 4.185280
1269 4.128320
1270 4.337760
1271 4.513600
1272 4.205280
1273 4.084160
1274 4.304960
1275 4.183200
1276 4.177920
1277 4.232160
1278 4.389760
1279 4.367360
1280 4.286400
1281 4.542720
1282 4.362080
1283 4.273280
1284 4.513280
1285 4.460640
1286 4.319680
1287 4.464640
1288 4.473600
1289 4.279840
1290 4.262080
1291 4.610880
1292 4.524160
1293 4.397600
1294 4.557120
1295 4.491040
1296 4.410080
1297 4.543840
1298 4.572480
1299 4.483040
1300 4.481280
1301 4.867040
1302 4.642080
1303 4.549280
1304 4.768160
1305 4.650720
1306 4.642240
1307 4.870880
1308 4.729760
1309 4.561120
1310 4.538880
1311 4.863520
1312 4.761920
1313 4.648800
1314 4.746880
1315 4.740000
1316 4.626560
1317 4.861920
1318 4.883200
1319 4.733600
1320 5.050400
1321 4.855840
1322 4.837280
1323 5.185920
1324 4.943200
1325 4.839360
1326 5.194880
1327 4.962880
1328 4.856480
1329 5.116800
1330 5.075520
1331 4.950880
1332 5.123040
1333 4.972800
1334 4.988480
1335 5.208640
1336 5.134560
1337 4.949280
1338 5.176000
1339 5.052480
1340 4.916000
1341 5.077280
1342 4.899840
1343 5.154560
1344 5.116000
1345 4.933600
1346 4.958720
1347 5.144160
1348 5.023360
1349 5.275040
1350 5.112000
1351 5.112480
1352 5.254720
1353 5.291360
1354 5.147360
1355 5.409600
1356 5.203360
1357 5.251200
1358 5.400160
1359 5.364480
1360 5.263040
1361 5.847520
1362 5.314560
1363 5.211840
1364 5.546720
1365 5.424640
1366 5.354240
1367 5.708480
1368 5.376000
1369 5.329440
1370 5.772480
1371 5.359680
1372 5.684960
1373 5.548640
1374 5.354400
1375 5.612320
1376 5.515360
1377 5.581920
1378 5.830080
1379 5.485920
1380 5.593600
1381 5.550560
1382 5.450400
1383 5.615360
1384 5.652160
1385 5.438080
1386 5.859520
1387 5.663040
1388 5.833920
1389 5.623680
1390 5.499040
1391 5.756800
1392 5.825600
1393 5.612640
1394 5.802720
1395 5.653920
1396 5.521920
1397 5.742400
1398 5.590400
1399 5.812000
1400 5.700160
1401 5.719680
1402 6.173440
1403 5.818720
1404 5.875520
1405 5.835840
1406 5.658240
1407 5.928640
1408 5.829440
1409 5.773920
1410 6.129280
1411 5.806400
1412 5.947680
1413 5.891520
1414 5.696800
1415 5.933440
1416 5.843840
1417 5.947840
1418 6.147040
1419 5.904960
1420 5.888320
1421 5.756800
1422 6.084960
1423 6.052960
1424 5.910880
1425 6.161600
1426 6.032160
1427 6.113280
1428 6.026720
1429 5.947680
1430 6.202560
1431 6.171200
1432 6.252480
1433 6.098720
1434 5.986400
1435 6.232000
1436 6.096960
1437 6.119040
1438 6.170560
1439 6.190240
1440 6.221600
1441 6.185120
1442 6.245920
1443 6.409600
1444 6.116480
1445 6.332480
1446 6.210880
1447 6.281760
1448 6.306720
1449 6.104960
1450 6.209280
1451 6.224160
1452 6.473760
1453 6.313280
1454 6.325760
1455 6.316800
1456 6.327360
1457 6.472000
1458 6.391360
1459 6.540320
1460 6.343040
1461 6.201920
1462 6.449760
1463 6.268960
1464 6.460960
1465 6.368480
1466 6.705440
1467 6.433920
1468 6.218720
1469 6.748000
1470 6.427680
1471 6.518720
1472 6.493120
1473 6.303520
1474 6.468640
1475 6.355680
1476 6.643680
1477 6.564480
1478 6.559040
1479 6.613440
1480 6.343520
1481 6.697280
1482 6.398400
1483 6.572160
1484 6.648320
1485 6.697920
1486 6.719680
1487 6.537920
1488 6.781440
1489 6.584160
1490 6.780960
1491 6.739840
1492 6.848480
1493 6.659040
1494 6.474240
1495 6.673120
1496 6.572000
1497 6.906880
1498 6.714560
1499 6.799840
1500 6.982720
1501 6.778560
1502 6.760000
1503 6.569760
1504 6.846080
1505 6.584000
1506 7.001600
1507 6.689280
1508 6.980000
1509 6.817440
1510 6.896960
1511 6.908480
1512 6.735840
1513 7.752000
1514 6.769760
1515 7.041760
1516 6.908960
1517 7.159040
1518 6.954880
1519 6.971200
1520 6.916640
1521 6.898880
1522 6.931840
1523 6.749920
1524 6.995520
1525 7.008160
1526 7.096480
1527 6.986560
1528 7.006400
1529 6.961600
1530 6.970880
1531 6.982240
1532 6.966560
1533 7.361440
1534 6.785280
1535 7.096960
1536 7.062240
1537 7.271040
1538 7.070080
1539 7.055360
1540 7.119840
1541 7.222880
1542 7.089760
1543 6.907200
1544 7.365440
1545 7.241920
1546 7.370880
1547 7.217280
1548 7.339840
1549 7.206560
1550 7.442880
1551 7.259520
1552 7.370720
1553 7.335360
1554 7.432160
1555 7.467200
1556 7.446400
1557 7.477920
1558 7.564640
1559 7.487200
1560 7.814880
1561 7.553600
1562 7.377280
1563 7.498400
1564 7.617440
1565 7.673920
1566 7.560000
1567 7.722240
1568 7.685120
1569 7.821920
1570 7.869600
1571 7.753120
1572 7.804960
1573 7.836640
1574 7.897760
1575 7.891520
1576 7.861760
1577 7.958560
1578 8.111840
1579 7.962080
1580 7.963840
1581 8.017760
1582 7.983360
1583 7.950240
1584 8.216320
1585 8.180640
1586 8.158720
1587 8.281280
1588 8.464800
1589 8.285600
1590 8.441600
1591 8.311680
1592 8.578880
1593 8.466400
1594 8.451680
1595 8.530240
1596 8.532640
1597 8.642880
1598 8.465280
1599 8.575360
1600 8.543680
1601 8.636320
1602 8.672640
1603 9.073120
1604 8.610400
1605 8.557120
1606 8.794720
1607 8.708320
1608 8.715520
1609 8.653120
1610 8.757920
1611 8.675680
1612 9.094080
1613 8.678880
1614 8.872800
1615 8.751520
1616 8.852000
1617 8.950560
1618 8.707040
1619 8.759360
1620 8.826240
1621 8.675200
1622 8.717120
1623 8.883840
1624 8.748800
1625 8.751360
1626 8.843680
1627 8.884800
1628 8.900800
1629 8.717600
1630 8.966560
1631 8.778240
1632 8.856000
1633 8.845120
1634 8.757440
1635 8.845600
1636 8.972000
1637 8.864640
1638 9.512160
1639 8.932480
1640 9.117920
1641 9.164800
1642 9.026240
1643 9.040000
1644 9.032320
1645 9.283840
1646 9.157920
1647 9.332160
1648 9.402240
1649 9.299520
1650 9.299200
1651 9.133120
1652 9.355840
1653 9.562720
1654 11.935680
1655 12.391360
1656 12.238720
1657 12.259040
1658 12.092160
1659 12.569440
1660 12.128480
1661 12.473920
1662 12.212000
1663 12.176320
1664 12.213920
1665 12.322720
1666 12.298240
1667 12.252640
1668 12.298880
1669 12.242560
1670 12.494080
1671 12.282880
1672 12.199200
1673 12.424640
1674 12.329280
1675 12.304960
1676 12.449440
1677 12.129920
1678 12.352000
1679 12.452800
1680 12.304160
1681 12.273440
1682 12.241760
1683 12.383200
1684 12.343200
1685 12.407680
1686 12.186080
1687 12.643520
1688 12.273600
1689 12.551520
1690 12.597120
1691 12.232960
1692 12.293600
1693 12.442240
1694 12.417280
1695 12.301920
1696 12.431040
1697 12.473440
1698 12.423200
1699 12.556160
1700 12.226080
1701 12.297120
1702 12.372160
1703 12.417760
1704 12.650400
1705 12.287680
1706 13.258880
1707 12.412800
1708 12.569440
1709 12.524800
1710 12.382400
1711 12.366720
1712 12.571520
1713 12.497280
1714 12.577920
1715 12.531520
1716 12.407520
1717 12.501120
1718 12.565760
1719 12.575680
1720 12.554560
1721 12.511840
1722 12.559200
1723 12.654080
1724 12.651680
1725 12.871360
1726 12.689600
1727 12.421120
1728 12.738400
1729 12.677440
1730 12.733600
1731 12.507520
1732 12.597600
1733 12.668800
1734 12.674080
1735 12.680640
1736 12.620800
1737 12.687040
1738 12.877440
1739 12.767680
1740 12.806240
1741 12.800000
1742 12.553920
1743 12.762720
1744 12.829760
1745 12.801600
1746 12.713440
1747 12.633440
1748 12.907040
1749 12.817760
1750 12.894880
1751 12.711840
1752 12.719680
1753 12.952960
1754 12.940000
1755 12.971040
1756 13.055840
1757 12.863200
1758 12.963680
1759 13.130080
1760 13.045120
1761 13.001120
1762 13.005120
1763 13.049920
1764 12.871840
1765 12.939040
1766 13.235520
1767 13.109920
1768 13.101440
1769 12.897280
1770 13.159200
1771 13.076640
1772 13.090720
1773 13.217440
1774 13.052480
1775 12.992000
1776 13.079040
1777 13.177280
1778 13.103520
1779 13.517920
1780 13.146240
1781 12.836480
1782 12.990240
1783 13.044480
1784 13.329120
1785 13.091520
1786 13.144320
1787 13.202560
1788 12.937760
1789 13.171040
1790 13.235200
1791 13.275840
1792 13.367040
1793 13.210560
1794 13.164960
1795 13.068320
1796 13.212320
1797 13.282880
1798 13.360800
1799 13.304480
1800 13.264480
1801 13.230240
1802 13.600000
1803 13.299520
1804 13.331680
1805 13.374720
1806 13.428480
1807 13.364480
1808 13.249920
1809 13.383840
1810 13.465440
1811 13.597440
1812 13.469760
1813 13.542080
1814 13.769760
1815 13.506720
1816 13.252000
1817 13.377760
1818 13.394720
1819 13.619840
1820 13.832800
1821 13.459520
1822 13.565280
1823 13.260320
1824 13.642240
1825 13.513120
1826 14.085120
1827 13.565600
1828 13.542400
1829 13.614560
1830 13.465280
1831 13.550400
1832 13.665760
1833 13.708000
1834 13.645920
1835 13.585600
1836 13.642080
1837 13.419520
1838 13.575360
1839 13.523680
1840 13.765440
1841 13.670880
1842 13.711040
1843 13.815680
1844 13.749600
1845 13.558400
1846 13.526240
1847 13.864000
1848 13.780640
1849 13.940320
1850 13.861120
1851 13.878400
1852 13.867040
1853 13.760800
1854 13.698240
1855 14.198080
1856 14.140160
1857 13.929280
1858 14.160480
1859 13.972800
1860 14.147360
1861 14.100960
1862 13.942560
1863 13.833600
1864 14.343520
1865 13.960960
1866 14.082080
1867 13.938080
1868 13.951200
1869 13.962880
1870 14.047680
1871 13.968960
1872 13.965920
1873 13.933440
1874 13.985440
1875 14.015520
1876 14.082240
1877 14.096640
1878 14.076640
1879 14.104320
1880 14.037440
1881 13.906720
1882 13.959360
1883 14.446720
1884 14.058560
1885 14.096960
1886 14.323200
1887 14.034240
1888 14.083360
1889 14.026560
1890 13.911680
1891 14.405760
1892 13.996480
1893 14.062720
1894 14.081760
1895 14.279040
1896 14.037280
1897 14.246400
1898 13.980640
1899 14.268320
1900 14.066080
1901 14.643680
1902 14.155360
1903 14.189600
1904 14.096640
1905 14.087520
1906 14.184960
1907 14.111040
1908 14.148320
1909 14.101440
1910 14.119840
1911 14.677600
1912 14.270400
1913 14.161760
1914 14.183680
1915 14.220800
1916 14.222560
1917 14.117440
1918 14.061440
1919 14.209280
1920 14.291360
1921 14.272960
1922 14.270240
1923 14.234880
1924 14.400640
1925 14.286400
1926 14.384320
1927 14.294400
1928 14.150720
1929 14.066240
1930 14.293120
1931 14.287840
1932 14.325760
1933 14.262720
1934 14.438240
1935 14.569120
1936 14.388640
1937 14.382720
1938 14.130560
1939 14.140480
1940 14.272480
1941 14.386240
1942 14.361120
1943 14.306240
1944 14.513760
1945 14.404480
1946 14.392160
1947 14.357760
1948 14.472800
1949 14.347040
1950 14.272960
1951 14.648320
1952 14.382400
1953 14.498080
1954 14.709920
1955 14.382880
1956 14.538400
1957 14.628640
1958 14.420000
1959 14.437120
1960 14.388640
1961 14.399040
1962 14.204480
1963 14.396640
1964 14.318400
1965 14.500480
1966 14.331040
1967 14.463360
1968 14.451840
1969 14.440160
1970 14.487840
1971 14.396320
1972 14.429600
1973 14.505120
1974 14.238880
1975 14.291520
1976 14.482560
1977 14.415520
1978 14.397760
1979 14.473600
1980 14.383200
1981 14.385920
1982 14.385120
1983 14.417120
1984 14.194560
1985 14.399040
1986 14.296160
1987 14.444960
1988 14.359520
1989 14.670720
1990 14.421920
1991 14.306400
1992 14.492000
1993 14.396000
1994 14.331840
1995 14.118880
1996 14.173440
1997 14.184160
1998 14.418240
1999 14.239040
2000 14.365760
2001 14.453280
2002 14.260480
2003 14.164960
2004 14.248640
2005 14.193920
2006 14.157920
2007 14.149440
2008 14.104960
2009 14.144960
2010 14.326560
2011 14.254400
2012 14.141120
2013 14.044960
2014 14.071520
2015 13.975200
2016 13.877600
2017 13.830560
2018 14.180640
2019 13.948480
2020 14.020960
2021 14.121280
2022 13.972640
2023 13.895680
2024 14.143680
2025 14.086560
2026 13.892960
2027 13.885120
2028 13.973440
2029 14.211840
2030 13.931520
2031 13.824800
2032 13.897120
2033 13.690560
2034 13.750560
2035 14.030080
2036 13.687680
2037 14.023520
2038 13.987200
2039 13.652160
2040 13.543040
2041 13.289120
2042 13.432000
2043 13.434400
2044 13.343840
2045 13.723520
2046 13.372160
2047 13.302560
2048 13.234880
2049 13.405920
2050 13.601120
2051 13.233760
2052 13.814080
2053 13.320960
2054 13.224640
2055 13.128800
2056 13.214400
2057 13.329280
2058 13.228800
2059 13.558080
2060 13.234880
2061 12.945120
2062 13.051360
2063 13.337440
2064 13.140480
2065 13.170400
2066 13.077120
2067 12.915840
2068 13.590080
2069 13.052320
2070 13.433920
2071 13.217760
2072 13.120800
2073 12.871040
2074 13.019040
2075 13.024000
2076 13.000800
2077 13.044480
2078 12.756800
2079 12.993600
2080 12.919200
2081 12.962880
2082 12.969760
2083 12.942880
2084 12.858240
2085 12.871200
2086 12.984320
2087 13.092480
2088 12.937920
2089 13.017120
2090 12.697920
2091 12.845600
2092 12.961440
2093 12.916000
2094 13.143360
2095 12.860160
2096 12.895520
2097 12.973440
2098 13.177280
2099 12.938560
2100 12.741920
2101 12.968000
2102 12.911680
2103 12.806400
2104 12.860800
2105 12.807360
2106 12.711520
2107 12.662400
2108 12.893280
2109 12.759040
2110 12.998240
2111 13.010400
2112 12.533120
2113 12.625280
2114 12.906880
2115 13.013760
2116 12.730400
2117 12.343360
2118 12.647200
2119 12.659040
2120 12.597760
2121 12.489760
2122 12.472160
2123 12.386240
2124 12.745280
2125 12.318080
2126 12.272480
2127 12.098720
2128 12.371040
2129 12.381440
2130 12.269120
2131 12.062880
2132 12.181600
2133 12.097280
2134 12.372800
2135 11.841920
2136 12.282880
2137 11.944480
2138 12.012000
2139 12.165440
2140 11.713760
2141 11.765600
2142 11.832160
2143 11.766720
2144 11.745120
2145 11.659040
2146 11.835520
2147 11.792160
2148 11.521760
2149 11.457280
2150 11.618080
2151 11.309440
2152 11.470880
2153 11.493440
2154 11.607200
2155 11.354880
2156 11.374400
2157 11.341440
2158 11.131040
2159 11.481600
2160 11.035520
2161 11.320480
2162 10.977600
2163 10.971040
2164 11.370400
2165 10.823040
2166 11.297920
2167 11.086880
2168 11.101600
2169 11.095680
2170 10.951040
2171 11.307520
2172 10.975200
2173 10.898240
2174 11.033760
2175 10.879200
2176 10.884320
2177 11.009120
2178 10.851200
2179 10.812160
2180 11.007200
2181 10.644320
2182 10.627680
2183 10.713280
2184 11.011360
2185 10.570400
2186 11.052320
2187 10.750400
2188 10.552320
2189 10.789440
2190 10.665760
2191 10.420800
2192 10.618880
2193 10.668000
2194 10.360320
2195 10.500640
2196 10.909600
2197 10.270880
2198 10.487840
2199 10.681440
2200 10.175200
2201 10.571520
2202 10.477600
2203 10.265760
2204 10.272960
2205 10.292320
2206 10.070720
2207 10.157600
2208 10.417600
2209 10.041120
2210 10.097920
2211 10.094240
2212 10.001760
2213 10.000160
2214 10.135200
2215 10.023680
2216 10.157920
2217 10.124480
2218 9.967360
2219 10.040480
2220 9.956480
2221 9.838080
2222 9.896160
2223 9.822720
2224 9.739200
2225 9.779200
2226 9.847200
2227 10.280160
2228 9.541280
2229 9.711040
2230 9.597440
2231 9.957280
2232 9.446400
2233 9.638240
2234 9.457600
2235 9.330560
2236 9.475040
2237 9.396640
2238 9.174880
2239 9.457600
2240 9.221760
2241 9.201120
2242 9.314720
2243 9.167200
2244 9.221440
2245 9.132480
2246 9.435680
2247 9.320320
2248 8.995360
2249 9.019200
2250 9.115680
2251 9.204480
2252 9.042240
2253 9.048960
2254 9.192480
2255 8.829120
2256 8.921440
2257 9.102400
2258 9.124800
2259 9.035200
2260 8.985280
2261 8.792320
2262 8.761600
2263 8.802720
2264 8.798080
2265 8.927840
2266 9.017920
2267 8.793120
2268 8.884480
2269 8.863200
2270 8.845120
2271 8.780800
2272 8.873600
2273 8.859040
2274 8.769120
2275 8.734240
2276 8.757440
2277 8.860960
2278 8.865440
2279 9.208000
2280 8.823040
2281 8.783680
2282 8.702080
2283 8.626720
2284 8.712160
2285 8.653440
2286 8.962720
2287 8.616480
2288 8.720000
2289 8.715680
2290 8.688960
2291 8.767840
2292 8.848800
2293 8.637440
2294 8.516320
2295 8.725760
2296 8.498560
2297 8.430400
2298 8.462080
2299 8.615680
2300 8.383520
2301 8.333920
2302 8.371360
2303 8.454400
2304 8.571200
2305 8.357280
2306 8.492640
2307 8.436000
2308 8.324160
2309 8.206560
2310 8.290880
2311 8.505920
2312 8.225440
2313 8.371040
2314 8.308640
2315 8.348160
2316 8.218400
2317 8.447680
2318 8.239040
2319 8.231520
2320 8.184480
2321 8.305280
2322 8.225760
2323 8.508800
2324 8.336160
2325 8.401280
2326 8.065440
2327 8.062560
2328 8.011680
2329 8.200800
2330 8.078720
2331 8.024640
2332 8.078400
2333 8.092160
2334 8.146240
2335 8.009440
2336 8.064160
2337 7.990080
2338 8.127520
2339 7.980480
2340 8.115680
2341 8.140960
2342 7.956320
2343 7.768800
2344 7.937120
2345 7.828480
2346 7.856320
2347 7.813760
2348 7.901280
2349 7.809440
2350 7.796480
2351 7.744480
2352 7.832640
2353 7.716480
2354 7.724320
2355 7.871040
2356 8.025600
2357 7.582720
2358 7.626400
2359 7.371200
2360 7.701760
2361 7.429120
2362 7.643680
2363 7.320960
2364 7.582880
2365 7.349600
2366 7.565440
2367 7.274720
2368 7.820800
2369 7.540800
2370 7.555680
2371 7.391200
2372 7.485760
2373 7.535040
2374 7.441920
2375 7.425440
2376 7.572960
2377 7.397440
2378 7.376800
2379 7.264640
2380 7.358080
2381 7.293760
2382 7.253920
2383 7.249440
2384 7.149760
2385 7.249280
2386 6.993760
2387 7.365920
2388 7.175840
2389 7.602080
2390 6.935680
2391 7.170720
2392 7.313600
2393 7.145600
2394 7.116320
2395 7.072480
2396 7.043520
2397 7.041280
2398 7.054720
2399 6.833760
2400 7.067840
2401 6.756480
2402 7.132640
2403 6.981760
2404 7.182400
2405 7.151840
2406 6.985440
2407 7.042720
2408 7.053600
2409 6.944320
2410 6.695520
2411 7.066560
2412 6.986720
2413 7.116960
2414 6.895680
2415 7.094880
2416 6.985600
2417 6.943200
2418 6.898720
2419 6.652800
2420 7.069440
2421 7.062400
2422 7.080800
2423 6.892000
2424 7.005440
2425 6.855520
2426 6.829120
2427 6.829280
2428 6.662560
2429 6.906080
2430 6.665120
2431 6.932960
2432 6.844480
2433 7.023200
2434 6.870720
2435 6.840320
2436 6.833120
2437 6.846880
2438 7.071680
2439 6.704160
2440 6.960320
2441 6.859680
2442 6.921760
2443 6.870720
2444 6.888640
2445 6.896960
2446 6.644640
2447 7.081920
2448 6.873760
2449 7.048640
2450 6.750720
2451 6.808160
2452 6.980800
2453 6.805600
2454 6.808160
2455 6.584640
2456 6.961120
2457 6.808320
2458 6.892320
2459 6.747840
2460 6.806720
2461 6.832480
2462 6.600800
2463 6.724640
2464 6.547040
2465 6.974560
2466 6.759680
2467 6.843360
2468 7.040960
2469 6.844960
2470 6.841440
2471 6.592960
2472 7.046560
2473 6.554720
2474 7.030400
2475 6.765920
2476 7.008800
2477 6.744800
2478 6.626240
2479 6.702400
2480 6.484320
2481 6.730560
2482 6.620320
2483 6.660000
2484 6.684960
2485 6.639360
2486 6.767360
2487 6.411360
2488 6.894400
2489 6.946240
2490 6.863840
2491 6.676000
2492 6.716000
2493 6.762720
2494 6.548960
2495 6.666080
2496 6.450720
2497 6.843040
2498 6.753440
2499 6.780000
2500 6.705600
2501 6.620480
2502 6.642880
2503 6.454880
2504 6.783520
2505 6.655840
2506 6.666720
2507 6.576800
2508 6.642240
2509 6.568800
2510 6.328160
2511 6.707840
2512 6.604480
2513 6.598080
2514 6.527040
2515 6.476640
2516 6.438400
2517 6.245920
2518 6.571360
2519 6.359520
2520 6.462560
2521 6.373280
2522 6.235200
2523 6.556320
2524 6.179520
2525 6.471840
2526 6.439840
2527 6.476960
2528 6.248480
2529 5.977280
2530 6.330400
2531 6.168160
2532 6.340480
2533 6.163360
2534 6.016000
2535 6.323200
2536 6.216480
2537 6.188640
2538 6.207680
2539 5.963840
2540 6.200480
2541 6.218400
2542 6.252160
2543 6.047040
2544 5.863360
2545 6.159680
2546 6.065600
2547 5.992800
2548 5.987040
2549 5.801920
2550 6.005760
2551 5.908320
2552 5.928480
2553 6.119360
2554 5.923520
2555 5.960000
2556 5.916160
2557 5.803680
2558 6.010880
2559 5.913440
2560 5.614720
2561 5.824800
2562 5.675520
2563 5.868640
2564 5.782400
2565 5.624160
2566 5.964800
2567 5.834880
2568 5.828480
2569 5.878560
2570 5.570240
2571 5.796320
2572 5.759040
2573 5.569440
2574 5.835680
2575 5.849440
2576 5.737440
2577 5.670880
2578 5.493120
2579 5.681600
2580 5.730400
2581 5.474880
2582 5.752000
2583 5.671200
2584 5.505920
2585 6.171200
2586 5.476000
2587 5.654240
2588 5.583200
2589 5.412000
2590 5.719680
2591 5.508160
2592 5.371040
2593 5.728960
2594 5.556640
2595 5.505280
2596 5.704640
2597 5.501760
2598 5.562560
2599 5.560320
2600 5.389120
2601 5.618720
2602 5.518400
2603 5.363840
2604 5.637120
2605 5.535840
2606 5.434080
2607 5.797120
2608 5.536320
2609 5.368320
2610 5.572320
2611 5.475520
2612 5.548640
2613 5.504960
2614 5.357120
2615 5.598880
2616 5.679200
2617 5.392800
2618 5.528480
2619 5.347040
2620 5.216960
2621 5.368800
2622 5.262560
2623 5.115520
2624 5.400320
2625 5.228640
2626 5.318080
2627 5.320320
2628 5.139840
2629 5.392000
2630 5.246400
2631 4.996000
2632 5.238080
2633 5.149760
2634 5.015840
2635 5.242720
2636 5.122240
2637 5.001760
2638 5.213760
2639 5.206240
2640 5.033280
2641 5.211200
2642 5.148800
2643 4.966880
2644 5.236800
2645 5.175360
2646 5.041280
2647 5.196000
2648 5.137760
2649 4.970080
2650 5.278720
2651 5.122720
2652 4.984480
2653 5.200160
2654 5.282720
2655 4.950400
2656 5.180800
2657 5.137920
2658 4.985600
2659 5.138080
2660 5.086240
2661 4.923840
2662 5.197600
2663 5.072160
2664 4.992640
2665 5.123040
2666 5.073120
2667 4.916960
2668 5.162400
2669 5.101600
2670 4.921760
2671 5.163840
2672 5.025920
2673 4.873440
2674 5.145280
2675 5.093120
2676 5.021440
2677 5.127360
2678 5.045600
2679 4.948800
2680 5.208320
2681 5.059840
2682 4.982240
2683 5.141440
2684 5.049120
2685 4.908640
2686 5.105440
2687 5.060960
2688 4.945120
2689 5.214720
2690 5.050560
2691 4.824160
2692 4.993440
2693 4.970560
2694 4.880960
2695 5.017120
2696 4.945600
2697 4.804640
2698 4.836160
2699 4.950240
2700 4.884000
2701 4.844960
2702 5.141920
2703 4.942560
2704 4.801440
2705 5.123520
2706 4.967360
2707 4.806720
2708 5.104960
2709 4.841920
2710 4.822880
2711 5.085600
2712 4.958080
2713 4.859360
2714 5.066400
2715 4.923840
2716 4.828960
2717 5.030880
2718 4.982080
2719 4.823360
2720 5.187680
2721 5.212640
2722 4.795680
2723 5.047200
2724 5.009280
2725 4.927680
2726 5.004640
2727 4.955520
2728 4.799360
2729 4.975040
2730 5.137920
2731 4.813600
2732 5.016160
2733 5.014880
2734 4.796000
2735 5.084480
2736 4.919680
2737 4.806080
2738 4.750720
2739 4.820640
2740 4.730400
2741 4.708640
2742 5.034240
2743 4.764480
2744 4.648640
2745 4.955360
2746 4.776800
2747 4.555680
2748 4.749280
2749 4.687200
2750 4.562080
2751 4.551040
2752 4.701440
2753 4.486720
2754 4.452800
2755 4.757760
2756 4.531680
2757 4.470080
2758 4.557440
2759 4.467200
2760 4.303680
2761 4.484320
2762 4.475040
2763 4.375520
2764 4.366240
2765 4.718880
2766 4.469120
2767 4.338400
2768 4.494560
2769 4.443840
2770 4.321600
2771 4.315520
2772 4.563040
2773 4.373440
2774 4.243200
2775 4.538080
2776 4.371840
2777 4.232960
2778 4.239360
2779 4.439840
2780 4.305760
2781 4.173760
2782 4.620640
2783 4.306080
2784 4.388640
2785 4.186080
2786 4.475200
2787 4.496480
2788 4.215520
2789 4.394080
2790 4.316320
2791 4.170240
2792 4.352320
2793 4.430080
2794 4.272480
2795 4.059040
2796 4.302880
2797 4.214560
2798 4.063040
2799 4.056000
2800 4.267680
2801 4.137760
2802 4.015360
2803 4.385120
2804 4.188960
2805 4.076800
2806 4.058880
2807 4.309280
2808 4.262720
2809 4.051360
2810 4.082400
2811 4.329440
2812 4.186880
2813 4.066400
2814 4.412160
2815 4.172000
2816 4.067840
2817 4.049440
2818 4.259200
2819 4.174080
2820 4.058080
2821 4.028800
2822 4.692800
2823 4.031840
2824 4.053760
2825 4.234560
2826 4.171840
2827 4.060320
2828 4.067680
2829 4.556160
2830 4.155520
2831 4.042400
2832 4.034560
2833 4.331840
2834 4.104000
2835 4.068960
2836 4.257760
2837 4.240160
2838 4.068800
2839 4.029280
2840 4.280800
2841 4.147200
2842 4.055520
2843 4.038560
2844 4.076480
2845 3.923360
2846 3.955680
2847 4.152480
2848 4.118560
2849 3.991520
2850 3.967680
2851 4.260160
2852 4.066080
2853 3.986400
2854 3.942880
2855 4.101760
2856 3.958080
2857 3.996000
2858 4.151520
2859 4.059200
2860 3.966720
2861 3.943040
2862 4.167680
2863 4.160800
2864 3.986240
2865 3.980960
2866 4.211520
2867 4.069120
2868 3.957760
2869 4.134400
2870 4.089760
2871 3.962240
2872 3.966080
2873 4.188160
2874 4.052160
2875 3.939680
2876 4.008160
2877 4.276160
2878 4.081120
2879 3.962720
2880 3.983840
2881 4.251200
2882 3.986080
2883 3.948800
2884 4.283040
2885 4.124480
2886 3.991840
2887 3.970880
2888 4.303360
2889 4.095040
2890 3.972640
2891 3.998080
2892 4.129280
2893 4.002880
2894 4.195680
2895 4.394400
2896 4.199040
2897 4.109600
2898 4.104800
2899 4.103840
2900 4.048160
2901 4.053280
2902 4.239840
2903 4.140640
2904 4.068640
2905 3.986720
2906 4.240480
2907 4.208960
2908 4.021280
2909 4.014400
2910 4.256320
2911 4.179520
2912 4.038080
2913 4.174080
2914 4.275360
2915 4.050880
2916 4.024800
2917 4.221600
2918 4.105440
2919 3.986560
2920 4.213280
2921 4.155040
2922 4.036160
2923 4.081760
2924 4.271040
2925 4.146560
2926 4.048480
2927 4.249760
2928 4.182400
2929 4.070240
2930 4.152960
2931 4.305920
2932 4.141120
2933 4.050400
2934 4.279680
2935 4.167200
2936 4.059680
2937 4.039680
2938 4.297760
2939 4.174080
2940 4.172320
2941 4.058240
2942 4.462080
2943 4.076800
2944 4.147840
2945 4.356160
2946 4.143040
2947 4.080320
2948 4.101120
2949 4.362080
2950 4.069440
2951 4.087680
2952 4.386400
2953 4.175520
2954 4.080480
2955 4.066080
2956 4.384960
2957 4.235360
2958 4.132160
2959 4.271040
2960 4.242400
2961 4.096320
2962 4.142880
2963 4.308320
2964 4.256000
2965 4.156960
2966 4.254240
2967 4.265920
2968 4.217440
2969 4.109280
2970 4.368640
2971 4.303840
2972 4.198880
2973 4.220960
2974 4.600800
2975 4.185760
2976 4.180320
2977 4.536960
2978 4.339200
2979 4.188000
2980 4.203680
2981 4.317120
2982 4.172000
2983 4.162240
2984 4.423520
2985 4.296480
2986 4.151680
2987 4.282240
2988 4.264800
2989 4.173760
2990 4.152160
2991 4.394880
2992 4.312960
2993 4.290400
2994 4.308160
2995 4.481280
2996 4.334240
2997 4.185600
2998 4.390560
2999 4.345760
3000 4.254080
3001 4.233760
3002 4.466240
3003 4.290720
3004 4.318240
3005 4.427520
3006 4.370560
3007 4.304480
3008 4.225440
3009 4.444320
3010 4.320640
3011 4.207520
3012 4.517600
3013 4.390240
3014 4.274560
3015 4.318720
3016 5.019520
3017 4.312320
3018 4.388320
3019 4.573600
3020 4.500640
3021 4.349280
3022 4.355040
3023 4.424480
3024 4.332800
3025 4.318400
3026 4.647840
3027 4.468160
3028 4.393920
3029 4.793120
3030 4.463200
3031 4.322880
3032 4.364640
3033 5.012960
3034 4.400800
3035 4.386880
3036 4.591360
3037 4.466240
3038 4.355040
3039 4.530240
3040 4.510240
3041 4.364960
3042 4.410880
3043 4.580960
3044 4.479520
3045 4.495520
3046 4.585440
3047 4.509120
3048 4.407040
3049 4.374400
3050 4.488000
3051 4.380000
3052 4.369120
3053 4.560800
3054 4.488320
3055 3.706240
3056 3.617280
3057 3.846080
3058 3.633120
3059 3.543040
3060 3.536480
3061 3.799040
3062 3.721920
3063 3.576640
3064 3.628000
3065 3.658560
3066 3.625120
3067 3.405120
3068 3.424640
3069 3.630400
3070 3.616320
3071 3.497280
3072 3.591840
3073 3.784800
3074 3.692320
3075 3.574080
3076 3.568160
3077 3.640480
3078 3.606080
3079 3.518720
3080 3.520480
3081 3.521120
3082 3.634240
3083 3.492800
3084 3.498720
3085 3.469280
3086 3.846560
3087 3.585920
3088 3.611840
3089 3.494880
3090 3.747840
3091 3.580160
3092 3.487360
3093 3.642560
3094 3.716800
3095 3.582720
3096 3.492320
3097 3.584640
3098 3.763040
3099 3.703520
3100 3.593120
3101 3.596160
3102 3.931680
3103 3.711040
3104 3.700000
3105 3.614080
3106 3.814560
3107 3.789120
3108 3.698560
3109 3.600960
3110 3.783520
3111 3.696160
3112 3.544480
3113 3.556480
3114 3.591840
3115 3.623360
3116 3.539680
3117 3.526240
3118 3.558720
3119 3.749920
3120 3.667040
3121 3.651200
3122 3.648000
3123 3.710400
3124 3.640640
3125 3.693760
3126 3.840960
3127 3.948960
3128 3.786400
3129 3.747840
3130 3.931680
3131 4.112000
3132 3.910080
3133 3.922080
3134 4.536480
3135 4.146240
3136 4.026080
3137 4.020960
3138 4.287200
3139 4.136800
3140 4.023680
3141 4.300480
3142 4.135520
3143 4.050400
3144 4.068640
3145 4.261440
3146 4.169120
3147 4.048960
3148 4.077600
3149 4.377120
3150 4.275680
3151 4.140640
3152 4.333920
3153 4.214720
3154 4.116480
3155 4.114400
3156 4.355680
3157 4.265440
3158 4.162080
3159 4.209920
3160 4.283520
3161 4.140960
3162 4.165280
3163 4.399360
3164 4.335360
3165 4.231520
3166 4.188960
3167 4.278720
3168 4.176480
3169 4.320480
3170 4.570400
3171 4.405440
3172 4.279040
3173 4.463360
3174 4.369120
3175 4.358560
3176 4.364800
3177 4.635040
3178 4.576640
3179 4.414720
3180 4.631840
3181 4.542400
3182 4.394400
3183 4.395200
3184 4.549120
3185 4.406880
3186 4.397600
3187 4.619360
3188 4.519680
3189 4.386240
3190 4.667680
3191 4.632320
3192 4.600960
3193 4.622560
3194 4.858400
3195 4.618560
3196 4.621120
3197 4.907200
3198 4.776320
3199 4.722240
3200 4.926080
3201 4.912800
3202 4.783040
3203 5.013440
3204 4.941600
3205 4.807520
3206 5.020160
3207 4.924000
3208 4.765600
3209 5.001920
3210 4.959680
3211 4.826240
3212 5.119360
3213 4.919520
3214 4.818880
3215 4.956640
3216 4.985440
3217 4.835200
3218 4.821120
3219 4.912640
3220 4.805440
3221 4.827520
3222 5.098720
3223 5.018080
3224 4.963040
3225 5.311680
3226 5.079680
3227 4.942400
3228 5.242560
3229 4.965440
3230 5.109760
3231 5.070720
3232 4.917600
3233 5.271360
3234 5.090080
3235 4.967200
3236 4.928160
3237 5.052480
3238 4.956960
3239 4.918400
3240 5.115040
3241 4.935360
3242 4.957440
3243 5.045600
3244 5.004320
3245 5.032960
3246 5.186720
3247 4.988800
3248 4.986880
3249 5.111680
3250 4.989760
3251 5.163200
3252 5.168960
3253 4.995360
3254 5.010400
3255 5.190720
3256 4.971040
3257 5.115360
3258 5.157440
3259 5.090880
3260 5.267200
3261 5.247840
3262 5.084800
3263 5.429120
3264 5.255680
3265 5.124640
3266 5.304000
3267 5.218720
3268 5.340960
3269 5.391360
3270 5.334560
3271 5.207040
3272 5.427680
3273 5.292160
3274 5.119680
3275 5.481280
3276 5.405120
3277 5.269600
3278 5.566880
3279 5.367200
3280 5.485440
3281 5.450720
3282 5.241120
3283 5.567680
3284 5.459200
3285 5.322400
3286 5.572000
3287 5.537600
3288 5.277440
3289 5.660480
3290 5.491040
3291 5.349440
3292 5.626080
3293 5.355520
3294 5.706560
3295 5.471680
3296 5.359680
3297 5.674400
3298 5.557440
3299 5.376320
3300 5.680960
3301 5.517120
3302 5.360640
3303 5.936160
3304 5.632320
3305 5.662080
3306 5.610080
3307 5.433120
3308 5.679840
3309 5.623680
3310 5.501440
3311 5.686720
3312 5.582880
3313 5.441120
3314 5.808480
3315 5.688640
3316 5.748640
3317 5.677600
3318 5.572160
3319 5.788640
3320 5.782080
3321 5.588160
3322 5.895200
3323 5.756160
3324 5.813600
3325 5.800960
3326 5.656480
3327 5.872480
3328 5.774880
3329 5.596480
3330 5.827520
3331 5.659520
3332 5.848960
3333 5.777440
3334 5.660480
3335 5.921760
3336 5.820320
3337 5.615680
3338 5.827520
3339 5.773600
3340 5.900480
3341 5.911040
3342 5.745120
3343 6.081280
3344 5.957600
3345 6.000960
3346 5.903520
3347 5.947520
3348 5.978400
3349 5.833920
3350 5.733760
3351 6.052960
3352 5.947360
3353 6.311680
3354 6.310880
3355 6.201920
3356 6.260160
3357 6.062400
3358 6.313120
3359 6.165120
3360 6.273600
3361 6.322240
3362 6.085600
3363 6.421280
3364 6.201920
3365 6.338880
3366 6.229120
3367 6.233920
3368 6.227360
3369 6.137760
3370 6.493280
3371 6.328800
3372 6.357600
3373 6.284480
3374 6.143840
3375 6.482720
3376 6.318880
3377 6.355680
3378 6.278080
3379 6.314560
3380 6.505120
3381 6.151680
3382 6.431840
3383 6.308320
3384 6.302240
3385 6.317600
3386 6.128480
3387 6.504800
3388 6.338880
3389 6.332640
3390 6.440960
3391 6.226080
3392 6.489120
3393 6.366400
3394 6.447520
3395 6.559040
3396 6.268640
3397 6.619040
3398 6.471040
3399 6.505440
3400 6.464000
3401 6.577440
3402 6.359200
3403 6.192000
3404 6.929920
3405 6.219680
3406 6.524000
3407 6.315040
3408 6.272000
3409 6.488800
3410 6.289760
3411 6.537760
3412 6.472320
3413 6.429920
3414 6.580480
3415 6.279040
3416 6.604480
3417 6.519680
3418 6.709760
3419 6.677760
3420 6.640640
3421 6.595840
3422 6.438400
3423 6.744960
3424 6.684160
3425 6.649600
3426 6.582240
3427 6.544480
3428 6.635040
3429 6.405440
3430 6.793280
3431 6.633760
3432 6.795360
3433 6.766880
3434 6.715360
3435 6.669760
3436 6.551520
3437 7.175520
3438 6.753600
3439 6.793280
3440 6.710240
3441 6.902240
3442 6.832960
3443 6.722880
3444 6.773120
3445 6.628800
3446 7.023040
3447 7.246080
3448 7.031040
3449 6.888800
3450 6.875840
3451 6.838720
3452 6.859200
3453 6.851520
3454 6.637760
3455 7.055360
3456 6.893280
3457 6.996640
3458 6.908000
3459 6.988800
3460 6.944000
3461 7.030560
3462 6.867200
3463 6.848160
3464 6.997600
3465 6.691360
3466 7.208800
3467 6.861280
3468 7.083840
3469 7.024480
3470 7.182400
3471 6.997440
3472 6.987840
3473 7.008160
3474 6.846720
3475 7.000640
3476 6.774880
3477 7.220480
3478 7.100800
3479 7.095680
3480 7.065600
3481 7.141120
3482 7.168160
3483 7.162560
3484 7.111680
3485 7.127360
3486 7.165280
3487 6.932000
3488 7.651520
3489 6.942720
3490 7.276320
3491 7.214560
3492 7.340960
3493 7.157120
3494 7.157120
3495 7.158560
3496 7.373600
3497 7.158560
3498 6.937280
3499 7.284800
3500 7.067840
3501 7.438240
3502 7.201120
3503 7.497120
3504 7.303200
3505 7.380000
3506 7.231040
3507 7.323520
3508 7.297120
3509 7.315360
3510 7.463200
3511 7.264480
3512 7.307200
3513 7.346880
3514 7.310720
3515 7.631680
3516 7.407040
3517 7.227040
3518 7.334880
3519 7.155200
3520 7.953760
3521 7.204000
3522 7.526720
3523 7.568320
3524 7.589120
3525 7.405440
3526 7.593920
3527 7.327840
3528 7.480960
3529 7.386400
3530 7.456320
3531 7.718720
3532 7.531840
3533 7.564480
3534 7.746080
3535 7.503040
3536 7.558720
3537 7.523040
3538 7.554240
3539 7.552640
3540 7.609440
3541 7.623200
3542 7.618720
3543 7.674880
3544 7.630720
3545 7.760800
3546 7.637440
3547 7.788160
3548 7.489600
3549 7.744960
3550 7.583360
3551 7.747680
3552 7.968800
3553 7.757760
3554 7.739200
3555 7.925760
3556 7.932160
3557 8.015680
3558 8.214400
3559 8.030880
3560 7.964480
3561 8.012000
3562 8.189760
3563 7.998080
3564 8.011360
3565 8.036800
3566 8.010560
3567 7.928800
3568 8.167840
3569 8.107520
3570 8.245120
3571 8.080960
3572 8.373920
3573 8.093280
3574 8.220960
3575 8.148160
3576 8.313600
3577 8.207040
3578 8.181280
3579 8.089760
3580 8.213760
3581 8.118400
3582 8.241760
3583 8.416000
3584 8.301120
3585 8.473280
3586 8.306240
3587 8.313920
3588 8.334560
3589 8.349920
3590 8.507520
3591 8.528960
3592 8.673760
3593 8.329920
3594 8.366560
3595 8.380800
3596 8.367360
3597 8.517440
3598 8.464000
3599 8.439200
3600 8.509280
3601 8.395840
3602 8.436640
3603 8.376800
3604 8.425920
3605 8.498240
3606 8.637600
3607 8.565120
3608 8.555520
3609 8.656640
3610 8.585280
3611 8.711040
3612 8.851040
3613 8.880640
3614 8.722400
3615 8.704480
3616 8.766400
3617 8.874400
3618 8.840480
3619 8.802560
3620 8.751840
3621 8.818080
3622 8.675200
3623 8.807840
3624 8.710880
3625 8.829280
3626 8.734720
3627 8.894080
3628 8.822240
3629 8.755360
3630 8.876320
3631 8.818560
3632 8.944320
3633 8.950720
3634 8.856480
3635 8.792800
3636 8.804000
3637 8.856160
3638 9.096320
3639 8.987040
3640 9.409600
3641 8.853120
3642 9.070400
3643 8.858080
3644 9.170720
3645 9.021920
3646 9.341440
3647 9.224640
3648 9.114560
3649 9.107840
3650 9.160960
3651 9.276800
3652 9.320640
3653 9.008800
3654 9.200320
3655 9.024480
3656 9.102880
3657 9.207360
3658 9.219200
3659 9.206080
3660 9.081760
3661 9.097280
3662 9.077440
3663 9.430240
3664 9.305920
3665 9.131040
3666 9.184000
3667 9.123840
3668 9.335200
3669 9.160320
3670 9.137600
3671 9.088480
3672 9.211840
3673 9.177440
3674 9.156960
3675 9.630080
3676 9.094400
3677 9.235360
3678 9.372000
3679 9.245920
3680 9.267360
3681 9.273600
3682 9.344000
3683 9.355680
3684 9.199520
3685 9.147840
3686 9.267840
3687 9.119200
3688 9.053920
3689 9.265920
3690 9.290720
3691 9.356960
3692 9.435360
3693 9.425760
3694 9.250080
3695 9.359680
3696 9.230880
3697 9.273760
3698 9.386400
3699 9.284640
3700 9.356960
3701 9.196320
3702 9.417600
3703 9.451360
3704 9.164960
3705 9.181120
3706 9.266400
3707 9.357440
3708 9.525440
3709 9.376160
3710 9.328800
3711 9.329440
3712 9.634400
3713 9.622400
3714 9.499040
3715 9.672960
3716 9.447680
3717 9.532960
3718 9.695040
3719 9.778880
3720 9.505600
3721 9.417120
3722 9.631040
3723 9.663360
3724 9.453600
3725 9.542080
3726 9.533280
3727 9.553440
3728 9.799200
3729 9.556640
3730 9.544000
3731 9.846720
3732 9.712160
3733 9.569760
3734 9.597280
3735 9.763040
3736 9.764480
3737 9.517920
3738 9.628800
3739 9.585920
3740 10.079680
3741 9.591680
3742 9.728160
3743 9.719680
3744 9.821440
3745 9.662080
3746 9.703360
3747 9.593760
3748 9.915680
3749 9.964960
3750 9.691200
3751 9.868480
3752 10.032160
3753 9.673760
3754 9.748640
3755 9.809760
3756 10.016320
3757 10.059200
3758 9.906560
3759 10.112160
3760 10.002720
3761 9.953440
3762 9.819840
3763 9.811520
3764 10.092160
3765 9.890720
3766 9.794400
3767 10.024000
3768 10.075840
3769 9.867360
3770 10.210720
3771 10.190080
3772 9.956320
3773 10.103040
3774 9.929120
3775 9.920480
3776 10.125760
3777 10.233760
3778 10.573280
3779 9.993120
3780 10.295360
3781 10.148800
3782 10.232800
3783 10.244640
3784 10.140640
3785 10.187520
3786 10.092000
3787 10.106720
3788 10.314400
3789 10.136800
3790 10.274880
3791 10.078400
3792 10.216000
3793 10.159360
3794 10.242080
3795 10.338080
3796 10.339200
3797 10.077760
3798 10.167200
3799 10.136800
3800 10.213440
3801 10.480960
3802 10.443680
3803 10.559520
3804 10.330880
3805 10.278080
3806 10.390240
3807 10.336800
3808 10.464800
3809 10.303200
3810 10.393600
3811 10.358560
3812 10.296160
3813 10.296000
3814 10.431680
3815 10.269440
3816 10.523200
3817 10.319040
3818 10.373280
3819 10.405760
3820 10.485600
3821 10.388960
3822 10.796960
3823 10.588160
3824 10.355200
3825 11.296960
3826 10.396160
3827 10.360160
3828 10.800640
3829 10.861280
3830 10.484480
3831 10.541920
3832 10.592800
3833 10.761760
3834 10.652000
3835 10.575520
3836 10.820160
3837 10.596480
3838 10.600800
3839 10.982560
3840 10.856160
3841 10.760960
3842 10.929760
3843 10.947680
3844 10.758080
3845 11.138560
3846 10.915200
3847 11.252480
3848 10.876480
3849 10.860640
3850 10.779520
3851 11.047360
3852 11.043040
3853 10.850400
3854 10.947680
3855 11.051840
3856 11.024640
3857 11.050400
3858 11.112000
3859 10.918880
3860 11.656000
3861 11.112000
3862 11.189440
3863 10.951360
3864 11.186880
3865 11.110880
3866 10.983680
3867 11.050880
3868 11.294560
3869 11.472960
3870 11.021120
3871 11.259680
3872 11.334080
3873 11.046400
3874 11.239200
3875 11.224800
3876 11.032800
3877 11.226240
3878 11.214720
3879 11.236160
3880 11.154400
3881 11.172320
3882 11.740480
3883 11.119200
3884 11.240480
3885 11.244160
3886 11.509280
3887 11.221920
3888 11.517920
3889 11.462080
3890 11.404960
3891 11.441760
3892 11.330880
3893 11.605760
3894 11.460000
3895 11.445440
3896 11.519680
3897 11.530560
3898 11.382880
3899 11.488640
3900 11.644960
3901 11.316640
3902 11.406720
3903 11.446880
3904 11.582080
3905 11.383200
3906 11.475840
3907 11.622240
3908 11.620160
3909 11.463040
3910 11.549760
3911 11.613920
3912 11.565440
3913 11.571520
3914 11.420800
3915 11.503520
3916 11.411520
3917 11.520640
3918 11.667520
3919 11.747520
3920 11.320320
3921 11.505280
3922 11.584480
3923 11.577440
3924 11.491040
3925 11.373280
3926 11.604640
3927 11.412000
3928 11.505440
3929 11.559680
3930 11.720000
3931 11.398240
3932 11.533440
3933 11.693280
3934 11.559680
3935 11.455360
3936 11.465440
3937 11.560160
3938 11.485280
3939 11.561760
3940 11.561440
3941 11.552000
3942 11.420160
3943 11.522400
3944 11.481600
3945 11.469440
3946 11.410880
3947 11.542080
3948 11.520000
3949 11.640800
3950 11.309120
3951 11.548000
3952 11.707520
3953 11.540000
3954 11.541280
3955 11.611680
3956 11.666720
3957 11.557600
3958 11.556960
3959 11.592320
3960 11.708640
3961 11.488960
3962 11.722240
3963 11.765920
3964 11.692480
3965 11.653120
3966 11.563680
3967 11.751840
3968 11.889600
3969 11.723840
3970 12.384160
3971 11.740640
3972 11.801280
3973 11.620000
3974 11.777440
3975 11.787520
3976 11.854240
3977 11.639360
3978 11.878400
3979 11.863360
3980 11.905600
3981 12.025120
3982 11.584000
3983 11.899200
3984 11.941440
3985 11.780640
3986 11.768640
3987 12.022080
3988 12.040480
3989 11.944960
3990 11.739200
3991 12.036800
3992 12.020800
3993 11.969440
3994 11.821120
3995 11.917920
3996 12.107360
3997 12.006560
3998 11.723360
3999 11.960480
4000 12.141280
4001 12.001760
4002 12.358880
4003 11.870400
4004 11.966560
4005 12.005120
4006 12.082080
4007 11.833600
4008 11.973920
4009 11.999840
4010 12.189760
4011 11.761280
4012 12.023680
4013 12.284160
4014 12.151360
4015 12.020640
4016 11.778560
4017 12.411200
4018 12.042080
4019 12.147840
4020 11.974720
4021 12.146240
4022 12.171200
4023 12.153920
4024 11.941920
4025 12.166080
4026 12.121760
4027 12.179360
4028 11.995520
4029 11.934880
4030 12.015520
4031 12.303360
4032 12.133440
4033 12.051200
4034 12.287200
4035 12.340000
4036 12.376480
4037 12.208640
4038 12.348000
4039 12.244160
4040 12.364000
4041 12.283200
4042 12.183680
4043 12.268160
4044 12.493120
4045 12.287520
4046 12.173920
4047 12.032000
4048 12.226880
4049 12.250240
4050 12.266720
4051 12.362720
4052 12.147040
4053 12.331360
4054 12.272800
4055 12.034400
4056 12.259680
4057 12.230080
4058 12.335840
4059 12.300800
4060 12.037600
4061 12.269440
4062 12.227040
4063 12.271520
4064 12.292960
4065 12.198560
4066 13.170080
4067 12.089120
4068 12.246880
4069 12.280800
4070 12.125440
4071 12.510400
4072 12.266240
4073 12.173440
4074 12.111200
4075 12.053920
4076 12.135040
4077 12.226560
4078 12.173600
4079 12.168320
4080 12.145600
4081 12.174560
4082 12.167680
4083 11.896640
4084 12.243680
4085 12.296960
4086 12.199040
4087 12.188320
4088 11.985440
4089 12.361120
4090 12.241760
4091 12.207360
4092 12.099520
4093 12.173600
4094 12.294880
4095 12.198400
4096 12.008800
4097 11.984640
4098 12.257280
4099 12.276160
4100 12.350720
4101 12.082240
4102 12.408800
4103 12.370560
4104 12.409600
4105 12.186880
4106 12.166880
4107 12.411200
4108 12.386880
4109 12.466560
4110 12.295360
4111 12.351840
4112 12.445440
4113 12.564160
4114 12.159040
4115 12.224960
4116 12.489440
4117 12.382080
4118 12.497280
4119 12.112960
4120 12.462560
4121 12.369280
4122 12.497920
4123 12.331520
4124 12.151520
4125 12.269440
4126 12.498400
4127 12.246880
4128 12.149600
4129 12.151680
4130 12.232800
4131 12.220480
4132 12.227200
4133 12.138080
4134 12.283360
4135 12.330080
4136 12.282400
4137 12.048000
4138 12.138720
4139 12.115200
4140 12.234080
4141 12.284800
4142 12.039520
4143 12.156960
4144 12.225120
4145 12.200320
4146 12.027680
4147 12.152800
4148 12.169600
4149 12.164000
4150 12.229120
4151 11.980960
4152 12.302240
4153 12.180160
4154 12.204800
4155 12.007520
4156 12.120160
4157 12.068320
4158 12.146080
4159 12.142720
4160 11.873920
4161 12.249120
4162 12.415040
4163 12.062400
4164 12.048480
4165 11.942720
4166 12.438560
4167 12.286400
4168 11.931040
4169 11.860480
4170 11.888000
4171 12.051840
4172 12.048480
4173 11.831200
4174 11.960640
4175 12.019680
4176 12.181120
4177 11.995520
4178 11.947040
4179 12.002560
4180 11.997280
4181 11.706720
4182 12.040640
4183 12.177280
4184 11.919520
4185 11.787200
4186 11.835360
4187 11.917280
4188 11.940800
4189 11.658880
4190 11.872800
4191 11.812800
4192 11.842880
4193 11.831200
4194 11.920800
4195 11.802240
4196 12.174720
4197 11.822880
4198 11.876640
4199 11.889920
4200 11.876000
4201 11.902880
4202 11.537120
4203 11.661920
4204 11.840640
4205 11.567360
4206 11.630080
4207 11.861760
4208 11.732320
4209 11.556960
4210 11.721120
4211 11.895360
4212 11.626880
4213 11.647840
4214 11.503040
4215 11.539840
4216 11.826400
4217 11.491360
4218 11.353440
4219 11.570080
4220 11.710720
4221 11.247040
4222 11.541600
4223 11.599360
4224 11.511840
4225 11.378080
4226 11.292960
4227 11.348160
4228 11.280960
4229 11.317440
4230 11.456640
4231 11.447200
4232 11.276800
4233 11.416160
4234 11.433920
4235 11.178560
4236 11.384000
4237 11.282720
4238 11.273280
4239 11.176640
4240 11.320960
4241 11.137440
4242 11.007520
4243 11.475520
4244 10.971040
4245 10.941920
4246 10.917920
4247 10.938400
4248 11.068640
4249 10.939040
4250 11.488320
4251 10.838400
4252 10.955200
4253 10.781600
4254 10.927840
4255 10.889120
4256 10.808000
4257 10.745280
4258 10.842080
4259 10.732800
4260 11.057600
4261 10.675520
4262 10.622720
4263 10.693920
4264 10.684640
4265 10.494720
4266 11.057920
4267 10.606240
4268 10.678240
4269 10.461120
4270 10.356000
4271 10.437120
4272 10.588000
4273 10.461920
4274 10.279840
4275 10.290240
4276 10.650080
4277 10.270080
4278 10.247840
4279 10.237600
4280 10.102880
4281 9.997760
4282 10.047680
4283 9.895520
4284 9.830720
4285 10.020160
4286 10.019040
4287 10.138880
4288 9.811040
4289 9.874400
4290 9.917120
4291 9.596000
4292 9.708160
4293 9.796000
4294 9.964800
4295 9.513920
4296 9.636160
4297 9.519520
4298 9.565280
4299 9.260640
4300 9.006240
4301 9.112480
4302 9.157440
4303 9.208960
4304 8.911680
4305 9.100480
4306 8.997440
4307 9.099520
4308 8.860480
4309 9.122880
4310 9.044320
4311 8.843200
4312 8.897120
4313 8.855200
4314 8.915840
4315 8.847200
4316 9.454720
4317 9.099200
4318 8.872160
4319 8.870560
4320 8.931360
4321 8.946240
4322 8.867040
4323 8.888000
4324 8.911040
4325 8.800160
4326 8.904800
4327 8.979680
4328 9.021120
4329 8.901280
4330 8.982400
4331 8.935680
4332 8.921760
4333 9.144800
4334 8.988640
4335 9.209600
4336 9.112640
4337 8.986720
4338 9.071680
4339 8.916000
4340 8.988640
4341 8.992800
4342 8.989760
4343 9.159680
4344 8.962240
4345 8.978720
4346 8.864000
4347 8.931840
4348 8.898880
4349 9.028960
4350 9.125760
4351 8.958720
4352 8.889440
4353 8.966560
4354 9.094720
4355 9.011520
4356 9.128480
4357 9.160480
4358 9.033920
4359 8.905280
4360 8.906240
4361 9.269600
4362 9.002720
4363 9.108800
4364 8.922080
4365 8.979040
4366 9.005600
4367 8.898400
4368 9.207520
4369 8.924160
4370 8.964000
4371 8.868160
4372 9.024160
4373 8.988000
4374 9.015040
4375 9.107200
4376 9.131040
4377 8.901920
4378 8.938080
4379 9.004800
4380 8.899840
4381 8.927680
4382 9.099840
4383 9.304640
4384 8.900640
4385 8.978880
4386 9.835360
4387 9.893920
4388 9.988000
4389 9.823360
4390 10.006400
4391 9.781120
4392 9.996640
4393 10.110080
4394 9.924160
4395 9.856000
4396 9.831040
4397 9.904160
4398 10.021440
4399 10.100000
4400 9.970080
4401 10.147840
4402 10.121600
4403 9.756320
4404 9.815360
4405 9.787040
4406 10.196480
4407 9.722560
4408 9.854240
4409 9.772160
4410 9.990720
4411 9.818720
4412 9.989280
4413 9.721280
4414 9.759840
4415 9.773280
4416 9.683680
4417 9.935040
4418 9.966720
4419 9.876480
4420 9.768640
4421 9.998720
4422 9.795520
4423 10.008960
4424 9.888000
4425 10.074080
4426 10.076960
4427 9.828480
4428 9.784000
4429 9.834080
4430 9.786880
4431 9.666560
4432 9.760640
4433 9.966400
4434 9.994400
4435 9.673280
4436 9.777440
4437 9.906080
4438 9.678080
4439 9.737760
4440 9.671360
4441 9.852640
4442 9.789120
4443 9.741600
4444 9.879040
4445 9.893280
4446 9.700960
4447 9.652320
4448 9.706720
4449 9.811680
4450 9.933280
4451 9.541280
4452 9.920640
4453 9.648960
4454 9.725280
4455 9.664000
4456 9.744480
4457 9.791040
4458 9.813600
4459 9.652320
4460 9.808960
4461 9.618880
4462 9.624160
4463 9.632160
4464 9.588480
4465 9.804480
4466 9.836960
4467 9.580320
4468 9.766880
4469 9.632640
4470 9.700960
4471 9.772480
4472 9.653120
4473 9.765440
4474 9.787040
4475 9.668640
4476 9.725120
4477 9.628800
4478 9.720000
4479 9.677280
4480 9.637760
4481 9.781120
4482 9.877920
4483 9.652960
4484 9.691360
4485 9.686080
4486 10.077120
4487 9.708320
4488 9.717920
4489 9.652160
4490 9.723840
4491 9.602080
4492 9.844480
4493 9.566400
4494 9.863360
4495 9.825120
4496 9.564640
4497 9.733760
4498 9.566720
4499 9.472480
4500 9.481120
4501 9.529280
4502 9.597280
4503 9.724640
4504 9.654240
4505 10.024800
4506 9.478560
4507 9.625120
4508 9.808160
4509 9.483680
4510 9.843040
4511 9.505120
4512 9.636160
4513 9.724320
4514 9.528000
4515 9.605280
4516 9.509920
4517 9.564480
4518 9.839200
4519 9.478880
4520 9.602240
4521 9.637600
4522 9.394720
4523 9.459200
4524 9.429760
4525 9.566240
4526 9.611200
4527 9.582240
4528 9.451040
4529 9.362080
4530 9.560000
4531 9.514560
4532 9.318080
4533 9.404320
4534 9.436160
4535 9.329440
4536 9.575680
4537 9.394560
4538 9.465280
4539 9.407840
4540 9.477280
4541 9.389280
4542 9.429280
4543 9.459840
4544 9.591520
4545 9.524960
4546 9.346560
4547 9.460160
4548 9.517760
4549 9.473600
4550 9.422560
4551 9.384160
4552 9.341760
4553 9.439360
4554 9.559040
4555 9.373920
4556 9.368960
4557 9.331360
4558 9.377120
4559 9.655520
4560 9.351680
4561 9.336160
4562 9.243840
4563 9.553760
4564 9.643680
4565 8.525120
4566 8.566080
4567 8.512640
4568 8.426720
4569 8.352160
4570 8.441280
4571 8.453440
4572 8.471520
4573 8.371200
4574 8.404480
4575 8.313120
4576 8.346400
4577 8.317600
4578 8.350880
4579 8.340160
4580 8.389600
4581 8.471840
4582 8.611200
4583 8.684000
4584 8.355360
4585 8.579520
4586 8.582240
4587 8.606080
4588 8.654080
4589 8.499520
4590 8.490080
4591 8.336960
4592 8.504960
4593 8.417600
4594 8.471840
4595 8.396800
4596 8.429120
4597 8.363520
4598 8.314400
4599 8.349600
4600 8.566720
4601 8.379040
4602 8.333280
4603 8.423680
4604 8.464000
4605 8.488800
4606 8.467360
4607 8.351360
4608 8.344480
4609 8.380000
4610 8.368800
4611 8.368960
4612 8.366080
4613 8.263840
4614 8.434080
4615 8.290400
4616 8.336000
4617 8.244320
4618 8.458720
4619 8.256000
4620 8.293600
4621 8.403200
4622 8.295840
4623 8.197120
4624 8.196000
4625 8.212800
4626 8.260800
4627 8.340000
4628 8.321120
4629 8.514880
4630 8.208320
4631 8.322880
4632 8.150400
4633 8.344960
4634 8.261280
4635 8.277920
4636 8.117120
4637 8.157120
4638 8.128800
4639 8.122880
4640 8.105280
4641 8.150720
4642 8.194560
4643 8.084640
4644 8.299040
4645 8.212480
4646 8.126880
4647 8.046240
4648 8.183680
4649 8.174080
4650 8.283840
4651 8.082880
4652 8.337600
4653 8.142560
4654 8.107200
4655 8.063360
4656 8.343680
4657 8.084640
4658 8.072160
4659 8.038400
4660 8.174560
4661 8.094080
4662 8.144320
4663 8.038400
4664 8.085600
4665 8.057120
4666 8.213920
4667 8.102880
4668 8.084960
4669 8.123680
4670 8.012000
4671 8.184320
4672 7.959680
4673 7.884000
4674 7.739040
4675 7.994400
4676 7.957760
4677 7.908960
4678 7.940160
4679 7.960480
4680 7.972960
4681 7.873440
4682 8.095040
4683 8.000960
4684 8.129760
4685 7.896320
4686 7.988480
4687 7.920160
4688 7.940320
4689 7.915200
4690 7.917280
4691 7.932000
4692 7.918560
4693 8.010080
4694 7.951520
4695 7.885600
4696 7.984320
4697 7.832320
4698 8.059840
4699 7.832000
4700 7.840320
4701 7.869600
4702 8.016640
4703 7.780000
4704 7.855520
4705 7.710720
4706 7.934080
4707 7.753280
4708 7.745760
4709 7.643840
4710 7.826080
4711 7.871520
4712 7.909280
4713 7.714080
4714 8.029760
4715 7.754720
4716 8.242880
4717 7.512640
4718 7.954720
4719 7.778080
4720 7.900800
4721 7.646240
4722 8.023360
4723 7.687040
4724 7.989440
4725 7.584960
4726 7.815040
4727 7.719200
4728 7.774560
4729 7.562720
4730 7.834720
4731 7.620480
4732 7.738720
4733 7.565120
4734 7.749600
4735 7.699040
4736 7.767680
4737 7.575200
4738 7.708640
4739 7.688160
4740 7.702400
4741 7.536800
4742 7.746240
4743 7.694720
4744 7.844960
4745 7.547040
4746 7.718560
4747 7.640320
4748 7.508800
4749 7.380000
4750 7.524960
4751 7.394720
4752 7.541600
4753 7.327520
4754 7.510560
4755 7.370560
4756 7.460480
4757 7.297600
4758 7.322880
4759 7.377760
4760 7.380960
4761 7.352160
4762 7.344800
4763 7.322560
4764 7.113280
4765 7.273120
4766 7.117600
4767 7.491520
4768 7.174080
4769 7.434080
4770 7.308320
4771 7.483520
4772 7.427200
4773 7.405760
4774 7.325920
4775 7.396160
4776 7.335200
4777 7.369920
4778 7.403200
4779 7.344000
4780 7.341760
4781 7.279040
4782 7.263680
4783 7.317120
4784 7.320320
4785 7.075520
4786 7.770080
4787 7.059840
4788 7.406720
4789 7.415680
4790 7.373440
4791 7.219200
4792 7.314240
4793 7.320640
4794 7.308000
4795 7.192480
4796 7.277760
4797 7.273120
4798 7.283360
4799 7.230400
4800 7.054880
4801 7.389920
4802 7.241120
4803 7.385760
4804 7.236320
4805 7.384160
4806 7.231840
4807 7.301440
4808 7.262720
4809 7.286880
4810 7.204800
4811 7.206400
4812 7.201600
4813 7.303040
4814 7.631040
4815 7.183040
4816 7.178240
4817 7.722080
4818 7.204160
4819 7.176640
4820 7.343840
4821 7.149440
4822 7.325920
4823 7.188800
4824 7.187360
4825 7.264640
4826 7.178720
4827 7.358080
4828 7.172800
4829 7.133120
4830 6.937280
4831 7.133760
4832 6.971680
4833 7.340480
4834 7.062240
4835 7.285120
4836 7.162400
4837 7.275040
4838 7.012480
4839 7.095680
4840 7.358400
4841 7.235680
4842 7.077120
4843 7.227680
4844 7.120960
4845 6.987680
4846 7.061120
4847 6.853760
4848 7.186880
4849 7.058880
4850 7.072640
4851 7.020640
4852 7.022080
4853 6.986880
4854 7.009920
4855 6.954400
4856 6.904480
4857 7.144480
4858 7.200960
4859 7.218880
4860 6.988640
4861 7.093120
4862 7.181120
4863 7.048960
4864 7.142240
4865 7.278720
4866 7.032320
4867 6.880480
4868 7.039680
4869 6.971360
4870 7.222080
4871 7.069760
4872 7.042880
4873 6.935200
4874 7.048960
4875 6.930720
4876 7.326560
4877 6.947200
4878 6.838720
4879 6.932480
4880 6.693600
4881 7.126240
4882 6.858560
4883 6.850560
4884 6.887680
4885 6.780160
4886 6.740960
4887 6.592640
4888 6.928640
4889 6.693120
4890 6.803360
4891 6.639680
4892 6.882560
4893 6.707520
4894 6.808640
4895 6.679840
4896 6.493440
4897 6.867840
4898 6.720000
4899 6.692000
4900 6.568000
4901 6.671520
4902 6.615360
4903 6.601120
4904 6.580000
4905 6.363840
4906 6.794880
4907 6.617440
4908 6.629120
4909 6.552960
4910 6.407200
4911 6.689440
4912 6.531680
4913 6.782400
4914 6.624480
4915 6.652000
4916 6.613600
4917 6.400480
4918 6.621600
4919 6.249120
4920 6.657120
4921 6.492960
4922 6.708000
4923 6.623840
4924 6.255360
4925 6.429600
4926 6.296640
4927 6.486080
4928 6.417440
4929 6.356800
4930 6.460000
4931 6.241760
4932 6.558560
4933 6.386240
4934 6.504480
4935 6.334880
4936 6.197760
4937 6.413120
4938 6.261280
4939 6.468000
4940 6.331360
4941 6.326080
4942 6.279840
4943 6.111360
4944 6.392960
4945 6.272160
4946 6.291680
4947 6.245120
4948 6.057920
4949 6.540800
4950 6.287040
4951 6.292320
4952 6.234880
4953 6.011840
4954 6.549600
4955 6.468320
4956 6.447040
4957 6.428480
4958 6.220160
4959 6.568160
4960 6.258080
4961 6.412320
4962 6.304000
4963 6.314080
4964 6.401440
4965 6.177280
4966 6.529920
4967 6.349280
4968 6.349280
4969 6.371200
4970 6.185440
4971 6.433120
4972 6.364800
4973 6.333600
4974 6.440960
4975 6.219680
4976 6.453440
4977 6.310560
4978 6.202080
4979 6.329280
4980 6.115200
4981 6.401920
4982 6.289440
4983 6.388480
4984 6.118400
4985 6.119040
4986 6.272640
4987 6.054400
4988 6.480320
4989 6.127680
4990 6.180800
4991 6.300800
4992 6.102400
4993 6.342080
4994 6.059520
4995 6.301280
4996 6.196960
4997 6.002080
4998 6.268000
4999 6.263520
5000 6.027200
