1 0.000000
2 23.324640
3 21.758560
4 20.972800
5 20.860320
6 20.939520
7 20.868640
8 21.658400
9 20.940160
10 21.288320
11 20.459360
12 20.464800
13 20.893760
14 20.904800
15 21.111680
16 20.752800
17 20.673440
18 20.821600
19 21.089920
20 21.072480
21 21.812640
22 20.892640
23 21.102720
24 20.727200
25 20.990720
26 20.950400
27 20.977760
28 21.270880
29 21.283840
30 20.960480
31 21.549920
32 21.121600
33 20.828000
34 20.851680
35 20.927680
36 21.272000
37 21.347680
38 21.114880
39 21.140000
40 20.903040
41 21.054560
42 21.053600
43 21.213120
44 21.225920
45 20.822720
46 20.729440
47 22.070880
48 20.875200
49 20.951840
50 21.309920
51 21.326240
52 21.413280
53 21.108000
54 21.181120
55 21.034720
56 21.133280
57 21.208640
58 21.552640
59 21.284800
60 21.194240
61 21.126560
62 21.376640
63 21.133600
64 21.008000
65 21.301120
66 21.200960
67 21.159680
68 21.065760
69 21.641920
70 21.133600
71 21.074720
72 21.628640
73 21.117600
74 21.043360
75 21.300640
76 21.266880
77 21.591680
78 21.308800
79 21.115040
80 21.164800
81 21.208800
82 21.324640
83 21.276640
84 20.935360
85 21.695840
86 21.263360
87 21.329120
88 21.159520
89 22.065760
90 21.168640
91 21.735360
92 21.225600
93 21.004640
94 21.026560
95 21.205440
96 21.298400
97 21.134720
98 21.227520
99 21.369920
100 21.045280
101 21.132960
102 21.138880
103 21.140000
104 21.866720
105 21.328960
106 21.156960
107 21.807680
108 20.994560
109 21.049600
110 21.450880
111 21.210400
112 21.158880
113 21.065440
114 20.857280
115 21.000160
116 20.713120
117 21.550560
118 20.930400
119 20.769440
120 20.791040
121 21.158400
122 20.767840
123 20.923840
124 20.603840
125 20.915680
126 21.667200
127 20.843840
128 20.726720
129 20.919520
130 20.651520
131 21.001440
132 20.692320
133 21.162720
134 20.700800
135 20.784960
136 20.814080
137 20.621120
138 20.766720
139 20.696480
140 20.866720
141 20.755360
142 20.404320
143 20.609760
144 20.485280
145 20.838560
146 20.825920
147 21.510080
148 20.797280
149 20.746560
150 21.197120
151 20.509280
152 20.551360
153 20.627360
154 20.423040
155 20.652640
156 20.275360
157 20.443520
158 20.264960
159 20.718720
160 20.194720
161 20.890400
162 20.178880
163 20.405280
164 20.315680
165 20.480960
166 20.418240
167 20.685920
168 20.341760
169 20.321280
170 20.110400
171 20.021440
172 20.146240
173 20.029440
174 20.272800
175 20.286880
176 20.150080
177 20.199200
178 20.500320
179 20.073280
180 20.187360
181 20.238400
182 20.157120
183 19.907360
184 19.998400
185 20.171360
186 19.989600
187 20.057120
188 20.228320
189 19.870560
190 20.060160
191 20.020320
192 20.152800
193 19.834560
194 19.982400
195 20.104640
196 20.080960
197 20.141120
198 20.327680
199 19.816640
200 19.908640
201 20.183200
202 19.988640
203 19.761280
204 19.854240
205 20.007520
206 20.034880
207 19.723200
208 19.877120
209 20.062560
210 19.840160
211 19.848800
212 20.154080
213 19.822080
214 19.958400
215 19.720800
216 19.580800
217 19.661120
218 19.804640
219 19.639680
220 19.577440
221 19.441440
222 19.804160
223 19.482880
224 19.589760
225 19.783360
226 19.741600
227 19.721760
228 19.555040
229 19.824800
230 19.544640
231 19.685280
232 19.321120
233 19.456640
234 19.620800
235 19.547360
236 19.297280
237 19.832960
238 19.475680
239 19.869280
240 19.532480
241 19.642400
242 19.484960
243 19.589280
244 19.369440
245 19.470080
246 19.194400
247 19.460160
248 19.886560
249 19.481280
250 19.680480
251 19.594080
252 19.565600
253 19.287680
254 19.397920
255 19.680160
256 19.433120
257 19.528640
258 19.272480
259 19.390880
260 19.235520
261 19.281440
262 19.294880
263 19.595360
264 19.333120
265 19.268000
266 19.240800
267 19.227520
268 19.102080
269 19.176480
270 19.343200
271 19.943680
272 18.953920
273 19.400320
274 19.256480
275 19.332640
276 19.201120
277 19.468640
278 19.222400
279 19.340320
280 19.170560
281 19.743520
282 19.388320
283 19.265760
284 19.355360
285 19.236800
286 19.338720
287 19.281760
288 19.395520
289 19.395200
290 19.094400
291 19.535040
292 19.065600
293 19.235840
294 19.202400
295 18.954080
296 18.811040
297 19.034560
298 19.266880
299 18.913600
300 18.914080
301 19.116960
302 19.082880
303 19.046080
304 18.941440
305 19.428640
306 19.151040
307 19.251840
308 19.091840
309 18.757920
310 19.878080
311 19.045600
312 18.930080
313 19.596000
314 18.713920
315 18.937760
316 18.616960
317 19.006080
318 19.030400
319 18.913120
320 18.548480
321 19.541760
322 18.472320
323 18.638240
324 18.658720
325 18.300640
326 18.241120
327 18.265920
328 19.326560
329 18.302400
330 18.630080
331 18.671840
332 18.209920
333 18.220960
334 18.576800
335 17.992800
336 18.066560
337 18.163680
338 18.004000
339 17.969120
340 17.930240
341 18.021920
342 18.264000
343 17.614720
344 17.674240
345 17.451040
346 17.437440
347 17.550240
348 17.358880
349 17.538560
350 17.508800
351 17.680640
352 17.235520
353 17.525280
354 17.169760
355 17.132480
356 17.130080
357 17.085600
358 17.308160
359 16.918560
360 17.433440
361 16.893120
362 17.090880
363 17.117440
364 17.144160
365 17.180800
366 16.987040
367 16.658560
368 16.707840
369 16.695040
370 16.846880
371 16.475200
372 16.666240
373 16.496160
374 16.594240
375 16.549440
376 16.528800
377 16.424000
378 16.399360
379 16.629600
380 16.329120
381 16.271040
382 16.282080
383 16.216800
384 16.345600
385 16.281280
386 16.046240
387 16.497920
388 16.039040
389 16.418400
390 15.965440
391 16.490880
392 16.199360
393 15.964480
394 15.879520
395 15.709440
396 16.182720
397 15.779360
398 15.590880
399 16.165600
400 16.562080
401 16.065920
402 15.778240
403 16.190880
404 15.742400
405 15.893920
406 16.142560
407 15.950880
408 15.840000
409 15.670880
410 15.932480
411 15.803040
412 15.877120
413 15.866240
414 16.174560
415 15.463040
416 15.637280
417 15.254880
418 15.330080
419 15.918560
420 15.560640
421 16.181600
422 15.470240
423 15.637920
424 15.515040
425 16.045600
426 15.556800
427 15.673440
428 15.480160
429 15.949280
430 15.404640
431 15.453600
432 15.521440
433 15.588160
434 15.409600
435 15.924160
436 15.417120
437 15.503680
438 15.504960
439 15.511840
440 15.428000
441 15.368000
442 15.544640
443 15.070720
444 15.321920
445 15.111680
446 15.286400
447 15.071360
448 15.340320
449 15.171040
450 15.104640
451 14.883200
452 15.572800
453 15.058560
454 15.029120
455 15.022240
456 15.396960
457 14.897760
458 15.185920
459 15.149440
460 15.471360
461 14.704320
462 14.740160
463 14.853760
464 14.894560
465 15.016160
466 14.967520
467 14.856160
468 14.796320
469 14.692800
470 14.590720
471 14.750560
472 15.195680
473 14.685440
474 14.554560
475 14.717280
476 14.811680
477 14.272160
478 14.598880
479 14.572800
480 14.292800
481 14.012160
482 14.131200
483 14.255360
484 14.621600
485 14.365120
486 14.124160
487 14.127360
488 14.043520
489 13.988960
490 14.001600
491 13.833600
492 13.659680
493 14.000480
494 13.705440
495 13.896960
496 14.024800
497 13.915680
498 14.254560
499 13.574880
500 13.451360
501 13.747520
502 13.653920
503 13.512160
504 13.730240
505 13.575040
506 13.332000
507 13.260800
508 13.184160
509 13.437280
510 13.491520
511 13.515360
512 13.396960
513 13.596480
514 13.319200
515 13.056960
516 13.392480
517 13.527360
518 13.131520
519 13.178400
520 12.636320
521 12.811680
522 12.795680
523 12.816960
524 12.543520
525 12.541920
526 12.594880
527 13.124800
528 12.589120
529 12.317440
530 12.428320
531 12.542880
532 12.219360
533 12.580160
534 12.232160
535 12.227520
536 12.313280
537 12.173760
538 12.536480
539 12.257120
540 12.038880
541 12.362560
542 11.823360
543 12.427360
544 12.017120
545 12.107680
546 11.877920
547 11.931200
548 11.953120
549 12.123040
550 11.702560
551 11.939520
552 12.072960
553 11.892960
554 11.809760
555 12.266080
556 11.818400
557 11.758400
558 11.479040
559 11.726080
560 11.848000
561 11.698080
562 11.833600
563 11.576640
564 11.825120
565 11.740960
566 11.309120
567 11.435680
568 11.316160
569 11.096640
570 11.412640
571 11.253280
572 11.280000
573 11.353280
574 11.367680
575 11.821440
576 11.445760
577 11.444640
578 11.314080
579 11.405920
580 11.115520
581 11.296320
582 11.259200
583 11.137920
584 11.336320
585 11.057440
586 11.064800
587 11.194720
588 10.845440
589 11.225600
590 11.215040
591 11.078240
592 11.318880
593 11.033600
594 10.969760
595 11.018560
596 11.115040
597 11.020000
598 10.900960
599 10.848000
600 10.768640
601 10.838880
602 10.808480
603 11.137120
604 10.706560
605 10.529120
606 10.582560
607 10.527040
608 10.566880
609 10.589440
610 10.861760
611 10.508000
612 10.674240
613 10.683040
614 10.292800
615 10.508320
616 10.689440
617 10.391040
618 10.460160
619 10.381920
620 10.283040
621 10.324960
622 10.564800
623 10.116960
624 10.140320
625 10.422720
626 9.886240
627 10.005120
628 10.025120
629 10.157440
630 10.043520
631 10.333440
632 9.997600
633 9.889600
634 10.028320
635 9.908960
636 9.643680
637 9.780800
638 9.922560
639 9.608800
640 9.991040
641 9.785760
642 9.742240
643 9.937920
644 10.203360
645 9.663040
646 9.719200
647 9.442240
648 9.642080
649 9.845120
650 9.479520
651 9.434240
652 9.337760
653 9.606880
654 9.591200
655 9.412160
656 9.292320
657 9.601920
658 9.723680
659 9.275040
660 9.155520
661 9.413920
662 9.030080
663 9.187520
664 9.254880
665 9.180480
666 9.208320
667 9.086560
668 9.477440
669 9.116960
670 9.095680
671 8.916000
672 8.769280
673 8.981920
674 8.847200
675 9.056000
676 9.408480
677 9.116960
678 8.855840
679 8.891200
680 9.248480
681 8.802880
682 9.230720
683 8.962720
684 8.859840
685 9.091040
686 8.848320
687 9.120960
688 8.826080
689 9.145440
690 8.920160
691 8.887040
692 9.099200
693 8.888640
694 8.859520
695 8.905920
696 8.879200
697 8.906720
698 8.981760
699 8.977920
700 9.107360
701 9.196800
702 8.807680
703 8.989280
704 8.825760
705 8.974880
706 9.215520
707 8.582720
708 8.962880
709 8.864800
710 9.240800
711 9.377760
712 8.840960
713 9.155040
714 8.889760
715 9.335200
716 9.422720
717 8.862080
718 8.996160
719 9.131680
720 9.128640
721 8.858880
722 9.203840
723 9.435520
724 9.246560
725 9.023360
726 9.121280
727 8.820960
728 8.737600
729 8.881120
730 9.010400
731 8.834880
732 8.837440
733 8.785440
734 8.998240
735 8.759360
736 9.058400
737 8.983840
738 8.638080
739 8.965760
740 8.870720
741 8.799040
742 8.952480
743 8.995840
744 9.320320
745 8.788640
746 8.720480
747 8.999040
748 8.813600
749 8.628960
750 8.862560
751 9.296000
752 8.860640
753 8.773440
754 8.862560
755 8.768000
756 8.756640
757 8.767040
758 8.684640
759 8.845760
760 8.946240
761 8.985280
762 9.132480
763 8.952640
764 9.307520
765 9.379520
766 9.132960
767 9.315840
768 9.349280
769 9.384000
770 9.834720
771 9.490400
772 9.229280
773 9.574560
774 9.734400
775 9.778400
776 9.191840
777 9.632160
778 9.410880
779 9.506880
780 9.358720
781 9.228640
782 9.403040
783 9.007680
784 9.672960
785 9.300320
786 8.861760
787 9.282720
788 9.305280
789 9.439360
790 9.260800
791 9.483360
792 9.238240
793 9.247040
794 9.393280
795 9.264000
796 8.999680
797 9.318240
798 9.031520
799 9.272000
800 9.595360
801 9.624480
802 9.359840
803 9.273760
804 9.445760
805 9.464160
806 9.252640
807 9.344480
808 9.195520
809 9.360000
810 9.426400
811 9.492960
812 9.309440
813 9.246240
814 9.497920
815 9.531200
816 9.139840
817 9.512480
818 9.422240
819 9.451840
820 8.994880
821 9.558400
822 9.462240
823 9.212480
824 9.249920
825 9.715680
826 9.268480
827 9.803840
828 9.789120
829 9.484320
830 9.442880
831 9.590400
832 9.445280
833 9.436160
834 9.562080
835 9.496480
836 9.211840
837 9.612800
838 9.670080
839 9.319680
840 9.579040
841 9.247360
842 9.268480
843 9.186240
844 9.449920
845 9.465760
846 9.394880
847 9.350720
848 9.794080
849 9.516000
850 9.545280
851 9.609120
852 9.626400
853 9.654400
854 9.815040
855 9.940960
856 9.972640
857 9.862880
858 10.113440
859 9.876960
860 9.886720
861 10.023520
862 10.016160
863 10.042560
864 10.323200
865 9.856480
866 10.434720
867 10.603840
868 9.877440
869 10.071040
870 10.158080
871 10.010400
872 10.065600
873 10.155680
874 10.011680
875 10.192800
876 10.171520
877 10.096480
878 10.161920
879 10.026080
880 10.283200
881 10.157920
882 9.962720
883 10.173440
884 10.051840
885 9.845600
886 10.076000
887 10.198240
888 10.180320
889 10.249760
890 9.945600
891 10.384160
892 10.528800
893 10.366240
894 10.491040
895 10.794400
896 10.132160
897 10.349760
898 10.909280
899 10.306880
900 10.970560
901 10.533280
902 10.311360
903 10.607040
904 10.539200
905 10.278400
906 11.078240
907 10.399520
908 10.325920
909 10.957920
910 10.496960
911 10.423680
912 10.812800
913 10.396640
914 10.303040
915 10.819680
916 10.597280
917 10.721920
918 10.650400
919 10.570240
920 10.531520
921 10.486080
922 10.756640
923 10.482400
924 10.444000
925 10.423200
926 10.372960
927 10.462240
928 10.281280
929 10.631840
930 10.561600
931 10.232480
932 10.329600
933 10.073600
934 10.242560
935 10.201440
936 9.987840
937 10.361280
938 9.973600
939 9.871680
940 9.903360
941 9.716000
942 10.510560
943 9.712320
944 9.661440
945 9.621280
946 9.541920
947 9.260320
948 9.213760
949 9.464480
950 9.441280
951 9.228800
952 9.444640
953 9.109280
954 8.997600
955 9.536160
956 8.738720
957 8.974880
958 8.852640
959 8.641440
960 9.240160
961 8.550880
962 8.845760
963 8.816800
964 8.724640
965 8.774560
966 8.456640
967 8.476160
968 8.581120
969 8.562720
970 8.476000
971 8.874240
972 8.274240
973 8.732960
974 8.252960
975 8.034880
976 7.968160
977 8.062080
978 8.005280
979 7.716320
980 7.786080
981 7.993760
982 7.819200
983 7.653280
984 7.685600
985 7.664960
986 7.736160
987 7.496800
988 7.331520
989 7.518880
990 7.450560
991 7.242560
992 7.312480
993 7.346080
994 7.485760
995 7.299680
996 7.385600
997 7.542720
998 7.259520
999 7.254560
1000 7.257280
1001 7.324160
1002 7.163200
1003 7.237760
1004 6.939040
1005 6.787520
1006 6.880800
1007 6.787040
1008 6.810720
1009 6.751680
1010 6.866560
1011 6.687840
1012 6.890560
1013 6.679680
1014 6.584960
1015 7.412480
1016 6.590400
1017 6.983520
1018 6.715840
1019 6.894240
1020 6.767200
1021 6.595680
1022 6.410080
1023 6.336640
1024 6.681440
1025 6.558080
1026 6.546240
1027 6.515520
1028 6.114080
1029 6.594720
1030 6.374880
1031 6.383040
1032 6.292800
1033 6.313920
1034 6.379680
1035 6.377600
1036 6.704480
1037 6.441120
1038 6.551680
1039 6.365120
1040 6.421120
1041 6.572960
1042 6.289280
1043 6.633760
1044 6.523040
1045 6.543200
1046 6.648320
1047 6.754400
1048 6.726240
1049 6.903360
1050 7.357600
1051 6.461600
1052 6.904800
1053 6.732000
1054 6.830880
1055 6.619200
1056 6.624160
1057 6.734720
1058 6.799360
1059 7.095360
1060 6.789920
1061 6.902080
1062 6.878560
1063 6.936480
1064 6.852640
1065 6.670560
1066 6.968960
1067 7.093600
1068 7.166560
1069 7.146720
1070 7.306400
1071 7.153600
1072 7.260160
1073 7.278080
1074 7.661920
1075 7.306720
1076 7.391520
1077 7.415520
1078 7.272160
1079 7.290080
1080 7.366240
1081 7.495040
1082 7.176160
1083 7.988800
1084 7.374400
1085 7.792800
1086 7.416800
1087 7.666880
1088 7.635840
1089 8.013120
1090 7.549760
1091 7.768320
1092 7.758400
1093 7.854560
1094 7.726720
1095 7.949920
1096 8.170080
1097 8.136640
1098 7.943520
1099 8.294720
1100 8.002880
1101 8.290400
1102 8.085280
1103 8.324480
1104 8.259040
1105 7.958240
1106 8.188000
1107 8.295680
1108 8.354560
1109 8.349440
1110 8.764480
1111 8.371200
1112 8.464800
1113 8.626080
1114 8.459040
1115 8.622240
1116 8.398880
1117 8.781120
1118 8.584480
1119 8.851680
1120 8.870880
1121 8.540000
1122 8.873920
1123 8.411040
1124 8.649440
1125 8.698720
1126 8.914880
1127 8.867840
1128 8.999680
1129 8.872640
1130 8.821440
1131 8.857760
1132 9.015840
1133 9.041600
1134 8.753120
1135 9.064480
1136 8.992000
1137 9.058400
1138 8.989760
1139 9.167200
1140 9.228000
1141 9.000000
1142 9.023040
1143 9.151360
1144 9.258080
1145 9.387200
1146 9.533440
1147 8.992320
1148 9.025760
1149 9.043360
1150 9.190880
1151 9.066880
1152 9.431520
1153 9.357280
1154 8.988320
1155 9.304640
1156 9.253120
1157 9.352960
1158 9.220000
1159 9.179040
1160 9.233440
1161 9.191360
1162 9.255360
1163 9.266880
1164 9.218240
1165 9.409440
1166 9.411680
1167 9.444000
1168 9.644320
1169 9.588800
1170 9.585760
1171 9.405920
1172 10.125600
1173 9.561280
1174 9.801440
1175 9.671200
1176 9.676480
1177 9.535360
1178 9.608640
1179 9.720640
1180 9.962560
1181 9.719520
1182 9.667520
1183 9.780000
1184 9.828480
1185 9.683680
1186 9.716640
1187 9.899200
1188 10.221920
1189 10.335200
1190 9.779360
1191 10.000160
1192 10.284000
1193 10.304320
1194 10.131200
1195 10.378080
1196 10.020320
1197 10.500960
1198 10.228640
1199 10.009280
1200 10.366720
1201 10.340640
1202 10.032160
1203 10.210240
1204 10.151040
1205 10.243840
1206 10.328800
1207 10.549280
1208 10.322720
1209 10.525600
1210 10.246080
1211 10.302560
1212 10.929440
1213 10.354080
1214 10.777760
1215 10.886880
1216 10.288160
1217 10.285760
1218 10.437120
1219 10.710400
1220 10.579840
1221 10.660480
1222 10.298400
1223 10.423520
1224 10.588000
1225 10.296320
1226 10.451520
1227 10.423360
1228 10.456960
1229 10.395840
1230 10.436480
1231 10.453600
1232 10.212640
1233 10.343680
1234 10.255200
1235 10.388000
1236 10.306880
1237 10.278240
1238 10.547200
1239 10.244800
1240 10.239840
1241 10.172800
1242 10.326720
1243 10.302720
1244 10.316160
1245 10.232800
1246 10.136800
1247 10.273280
1248 10.203360
1249 10.255840
1250 10.411200
1251 10.217760
1252 10.438720
1253 10.456960
1254 10.248960
1255 10.712800
1256 10.740640
1257 10.512480
1258 10.653440
1259 10.733440
1260 10.738880
1261 10.674080
1262 10.436480
1263 10.349440
1264 10.477280
1265 10.903360
1266 10.524320
1267 10.672000
1268 10.566720
1269 10.720800
1270 10.771840
1271 10.679360
1272 10.805280
1273 10.605120
1274 10.566720
1275 10.664160
1276 11.212640
1277 11.064480
1278 11.053600
1279 11.250080
1280 10.755200
1281 10.970560
1282 11.048800
1283 11.073120
1284 11.162560
1285 11.376000
1286 11.078080
1287 11.247680
1288 10.944000
1289 11.158560
1290 11.102080
1291 11.366720
1292 11.358080
1293 11.404000
1294 11.194080
1295 11.781920
1296 11.645760
1297 11.616320
1298 11.484160
1299 11.708320
1300 11.911840
1301 12.039040
1302 11.656640
1303 12.269120
1304 12.099520
1305 12.100320
1306 12.181920
1307 12.286080
1308 12.033920
1309 12.043360
1310 12.231040
1311 12.117440
1312 12.252320
1313 12.402400
1314 12.458080
1315 11.992480
1316 12.383040
1317 12.343840
1318 12.851520
1319 12.776480
1320 13.054080
1321 12.799360
1322 13.038400
1323 13.193600
1324 12.927200
1325 13.325600
1326 12.965440
1327 12.701120
1328 13.004160
1329 13.009760
1330 12.895680
1331 13.127040
1332 12.980160
1333 12.900320
1334 12.773120
1335 13.029440
1336 13.618400
1337 13.193440
1338 13.353280
1339 12.877600
1340 13.060960
1341 12.873600
1342 13.020480
1343 12.895840
1344 13.109600
1345 13.288000
1346 13.065440
1347 13.592640
1348 13.315520
1349 13.411680
1350 13.521600
1351 13.512000
1352 13.554560
1353 13.652160
1354 13.584640
1355 13.732160
1356 13.838400
1357 13.647360
1358 14.231680
1359 14.277440
1360 13.675680
1361 14.172800
1362 13.730560
1363 14.185120
1364 13.832800
1365 14.286880
1366 14.490400
1367 14.325760
1368 14.029120
1369 14.201760
1370 14.436800
1371 14.136640
1372 14.429120
1373 14.295360
1374 14.563520
1375 14.671040
1376 14.501600
1377 14.351360
1378 14.412800
1379 14.782880
1380 14.987680
1381 14.659520
1382 14.568160
1383 14.764960
1384 14.835200
1385 14.787200
1386 14.729600
1387 14.964640
1388 15.084640
1389 15.041920
1390 14.796320
1391 15.115040
1392 14.949600
1393 15.049600
1394 15.115200
1395 15.166720
1396 15.222880
1397 15.372800
1398 15.182240
1399 15.221600
1400 15.418240
1401 15.699680
1402 15.374560
1403 15.537600
1404 15.844160
1405 15.794720
1406 15.669120
1407 15.865920
1408 15.789760
1409 16.068000
1410 15.845760
1411 15.843360
1412 16.115200
1413 15.927360
1414 16.059040
1415 15.843840
1416 16.101760
1417 16.081120
1418 16.013600
1419 16.099360
1420 16.037760
1421 16.212000
1422 16.236800
1423 16.293920
1424 16.436320
1425 16.591040
1426 16.404160
1427 16.525280
1428 16.444800
1429 16.488640
1430 16.431200
1431 16.837440
1432 16.871840
1433 17.222400
1434 16.950560
1435 17.234560
1436 16.771200
1437 16.852960
1438 16.965280
1439 17.056960
1440 16.898560
1441 17.198720
1442 17.175040
1443 17.179040
1444 17.039040
1445 17.020320
1446 17.054400
1447 17.340640
1448 17.222880
1449 17.261280
1450 17.155840
1451 17.760000
1452 17.698080
1453 17.592960
1454 17.352320
1455 17.194240
1456 17.311200
1457 17.757920
1458 17.344800
1459 17.476960
1460 17.687040
1461 17.728000
1462 17.621440
1463 17.847200
1464 17.429760
1465 17.723680
1466 17.910400
1467 17.766080
1468 18.177120
1469 17.939360
1470 18.166400
1471 18.036960
1472 18.231040
1473 18.308000
1474 18.094720
1475 18.094720
1476 18.078240
1477 18.066240
1478 18.921120
1479 18.186560
1480 18.179840
1481 18.155040
1482 18.079360
1483 18.438720
1484 18.248640
1485 18.240000
1486 18.369280
1487 18.512800
1488 18.451200
1489 18.499200
1490 18.313280
1491 18.614720
1492 18.851840
1493 18.601760
1494 18.451040
1495 18.365440
1496 18.334400
1497 18.351840
1498 18.807200
1499 18.847520
1500 19.695200
1501 18.797920
1502 18.793120
1503 18.834240
1504 18.914560
1505 18.985440
1506 18.451520
1507 18.585600
1508 19.154400
1509 18.820000
1510 19.102240
1511 18.945280
1512 19.099840
1513 19.082880
1514 18.895200
1515 19.177120
1516 18.989440
1517 19.059680
1518 18.909120
1519 19.414880
1520 19.701760
1521 19.433760
1522 19.259680
1523 19.101920
1524 19.148000
1525 19.482720
1526 19.056000
1527 19.483680
1528 19.420640
1529 19.448000
1530 19.504960
1531 19.120000
1532 19.628320
1533 19.429280
1534 19.599840
1535 19.391520
1536 19.536160
1537 19.845120
1538 19.756000
1539 19.591520
1540 20.225760
1541 19.752640
1542 19.783840
1543 20.359840
1544 19.670400
1545 20.123680
1546 20.197120
1547 19.876800
1548 20.062880
1549 20.202880
1550 20.494720
1551 20.764320
1552 20.284320
1553 20.233440
1554 20.497280
1555 20.714720
1556 20.790240
1557 20.747840
1558 21.253600
1559 20.522560
1560 21.093920
1561 21.295360
1562 20.854720
1563 21.235520
1564 21.390880
1565 21.379840
1566 21.482720
1567 22.508160
1568 21.403520
1569 21.622400
1570 22.505920
1571 21.813440
1572 22.000480
1573 21.967360
1574 22.103360
1575 21.882880
1576 22.724480
1577 22.011200
1578 22.888160
1579 22.312800
1580 22.233280
1581 22.429280
1582 22.637120
1583 23.478240
1584 22.793920
1585 22.960960
1586 22.865440
1587 23.231360
1588 23.702560
1589 23.612640
1590 23.053440
1591 23.601120
1592 23.373920
1593 23.756160
1594 23.464320
1595 23.531200
1596 24.089760
1597 23.831680
1598 23.731840
1599 24.193600
1600 24.144800
1601 24.020160
1602 24.093440
1603 23.599840
1604 23.771840
1605 24.158880
1606 24.140160
1607 24.102080
1608 24.246240
1609 24.143040
1610 23.910080
1611 24.468960
1612 24.340800
1613 24.355680
1614 24.328320
1615 24.279520
1616 24.306080
1617 24.406080
1618 24.163360
1619 24.539680
1620 24.559520
1621 25.048480
1622 24.773760
1623 24.708480
1624 24.486720
1625 24.412640
1626 24.242240
1627 24.797760
1628 24.657280
1629 24.464480
1630 24.596640
1631 24.712960
1632 24.708320
1633 24.764320
1634 25.032640
1635 25.024960
1636 25.375520
1637 25.069440
1638 24.959200
1639 25.265920
1640 25.301120
1641 25.970720
1642 25.166880
1643 25.171360
1644 25.620480
1645 25.466560
1646 25.773920
1647 25.649440
1648 25.882240
1649 25.915040
1650 25.685440
1651 25.882400
1652 25.739360
1653 26.165600
1654 35.094240
1655 35.204320
1656 33.842240
1657 33.863840
1658 33.979040
1659 33.939520
1660 34.487520
1661 33.915200
1662 33.828320
1663 34.849760
1664 34.287040
1665 34.284800
1666 34.051200
1667 34.208800
1668 33.995840
1669 34.295040
1670 33.913440
1671 34.050720
1672 34.015200
1673 34.571520
1674 34.002400
1675 34.664480
1676 34.245280
1677 34.039520
1678 34.143200
1679 34.227840
1680 34.476000
1681 35.111840
1682 33.871200
1683 34.276480
1684 34.241760
1685 33.889920
1686 34.062240
1687 34.243360
1688 34.243360
1689 33.959360
1690 35.175520
1691 34.260640
1692 34.255520
1693 34.182720
1694 34.117280
1695 34.278080
1696 34.274240
1697 34.580800
1698 34.364160
1699 34.942240
1700 34.374080
1701 34.601600
1702 34.575680
1703 34.663200
1704 34.238560
1705 34.561600
1706 34.397120
1707 35.270720
1708 34.569440
1709 34.904480
1710 34.769120
1711 34.752000
1712 34.555680
1713 35.207200
1714 35.223040
1715 35.094400
1716 34.810720
1717 35.034080
1718 34.520800
1719 35.095200
1720 35.195200
1721 35.483520
1722 34.838560
1723 35.113600
1724 35.007040
1725 35.105440
1726 35.168480
1727 35.930720
1728 35.165920
1729 35.197760
1730 35.252800
1731 35.587520
1732 35.368800
1733 35.786720
1734 35.532000
1735 35.388800
1736 35.505760
1737 35.730720
1738 36.411840
1739 35.708960
1740 35.760480
1741 35.536320
1742 36.124640
1743 35.829600
1744 36.006400
1745 35.970560
1746 35.760320
1747 36.446720
1748 35.891040
1749 36.285600
1750 35.946720
1751 36.387040
1752 35.752960
1753 36.243360
1754 36.182400
1755 36.469280
1756 36.748000
1757 36.495680
1758 36.182080
1759 36.519840
1760 36.189120
1761 36.741600
1762 36.553440
1763 36.404160
1764 36.531680
1765 36.653600
1766 36.487680
1767 36.576640
1768 37.051360
1769 36.534720
1770 36.731840
1771 36.600640
1772 37.299200
1773 36.763520
1774 36.839360
1775 36.806560
1776 36.789440
1777 36.945920
1778 36.706720
1779 37.026880
1780 36.707200
1781 36.959360
1782 37.124320
1783 37.554560
1784 36.845920
1785 37.063840
1786 36.807680
1787 36.835680
1788 36.962560
1789 37.063360
1790 37.086080
1791 37.217600
1792 37.048480
1793 37.144960
1794 37.356000
1795 37.404960
1796 37.050560
1797 36.969280
1798 37.254240
1799 37.423840
1800 37.170400
1801 37.704800
1802 37.244160
1803 37.234880
1804 37.265120
1805 37.459360
1806 37.573280
1807 37.606560
1808 37.407040
1809 37.234240
1810 37.226560
1811 37.696640
1812 37.483200
1813 37.383680
1814 37.945440
1815 37.833600
1816 37.760480
1817 37.630880
1818 37.757760
1819 37.590400
1820 37.994080
1821 38.374080
1822 38.113600
1823 37.708640
1824 38.180800
1825 38.002080
1826 37.769120
1827 37.834240
1828 37.852000
1829 38.036640
1830 37.780320
1831 38.452320
1832 38.213440
1833 38.045920
1834 38.340320
1835 38.364000
1836 38.580160
1837 38.457120
1838 38.386720
1839 38.390240
1840 38.349120
1841 37.996000
1842 38.559680
1843 38.705920
1844 38.458400
1845 38.486560
1846 38.307520
1847 38.901920
1848 38.559520
1849 38.972160
1850 38.543520
1851 38.549120
1852 38.930880
1853 38.761920
1854 38.416000
1855 38.665920
1856 38.659040
1857 38.922720
1858 38.627360
1859 38.844960
1860 38.525600
1861 38.546720
1862 38.749120
1863 38.811840
1864 38.580000
1865 38.488640
1866 39.004800
1867 38.515680
1868 38.491200
1869 38.900640
1870 38.602880
1871 38.865760
1872 38.719520
1873 38.702880
1874 38.562240
1875 39.239680
1876 38.709600
1877 38.967520
1878 39.210240
1879 39.057280
1880 38.793920
1881 39.022080
1882 39.072160
1883 38.624640
1884 38.922720
1885 39.025600
1886 38.677440
1887 38.627200
1888 38.692000
1889 38.685120
1890 38.534560
1891 39.369600
1892 38.736480
1893 38.994560
1894 38.620000
1895 39.032160
1896 38.579200
1897 38.780480
1898 38.634400
1899 38.763520
1900 38.674880
1901 39.073600
1902 38.796480
1903 38.814400
1904 38.688480
1905 38.720320
1906 38.719200
1907 38.790400
1908 38.859040
1909 38.701920
1910 38.665440
1911 38.913440
1912 39.230080
1913 38.742080
1914 38.781920
1915 38.538880
1916 38.781440
1917 38.773600
1918 38.793600
1919 38.776800
1920 38.642240
1921 38.660800
1922 38.830400
1923 38.838240
1924 38.861280
1925 38.846720
1926 38.843520
1927 38.892480
1928 39.462720
1929 39.101760
1930 38.724480
1931 38.910400
1932 39.043040
1933 39.032160
1934 39.387520
1935 38.974720
1936 38.967040
1937 39.206560
1938 39.139840
1939 39.613120
1940 38.705280
1941 38.880320
1942 38.856160
1943 39.468480
1944 39.069760
1945 38.829280
1946 39.142240
1947 39.011040
1948 39.652000
1949 39.284800
1950 38.632480
1951 39.119040
1952 38.966240
1953 38.893440
1954 39.091680
1955 38.890240
1956 38.942080
1957 39.103360
1958 38.808160
1959 39.458720
1960 38.812480
1961 38.990080
1962 38.941600
1963 39.042720
1964 39.281600
1965 39.707040
1966 38.965120
1967 39.436640
1968 38.984320
1969 39.311360
1970 38.972640
1971 39.083840
1972 38.899840
1973 38.967840
1974 38.933600
1975 38.832960
1976 39.375200
1977 38.879680
1978 39.009440
1979 39.080800
1980 38.819200
1981 39.457280
1982 38.849440
1983 39.364000
1984 39.029280
1985 38.753120
1986 39.103200
1987 38.955840
1988 38.893760
1989 38.931200
1990 39.232800
1991 39.164480
1992 38.720000
1993 38.973920
1994 39.059680
1995 39.050080
1996 39.033440
1997 38.829600
1998 38.941440
1999 39.451520
2000 39.072160
2001 38.886880
2002 39.396480
2003 39.577440
2004 38.768480
2005 38.801600
2006 39.103360
2007 38.890080
2008 38.931360
2009 38.836480
2010 39.311040
2011 39.165760
2012 38.680800
2013 38.871520
2014 38.642560
2015 38.552000
2016 38.545120
2017 38.923200
2018 39.432640
2019 38.784000
2020 38.917440
2021 38.814240
2022 38.757120
2023 39.059360
2024 39.021440
2025 38.629600
2026 38.752800
2027 38.684800
2028 38.758240
2029 38.457280
2030 38.660320
2031 38.328480
2032 38.989280
2033 38.635840
2034 38.117920
2035 38.856160
2036 38.411200
2037 38.890400
2038 38.416160
2039 37.800640
2040 38.345440
2041 37.878560
2042 38.313920
2043 37.838720
2044 37.769280
2045 38.036160
2046 37.613600
2047 37.615680
2048 37.163040
2049 38.211360
2050 37.568480
2051 37.397600
2052 37.406720
2053 37.482240
2054 37.269440
2055 37.828800
2056 37.486720
2057 37.531360
2058 37.814880
2059 38.119520
2060 37.571680
2061 37.394400
2062 37.571840
2063 37.412800
2064 37.144640
2065 37.256160
2066 37.177440
2067 37.520000
2068 37.658400
2069 37.372800
2070 37.288640
2071 37.870240
2072 37.536480
2073 37.364640
2074 37.625120
2075 37.753920
2076 37.133120
2077 37.360160
2078 37.850720
2079 37.263840
2080 36.985440
2081 36.905120
2082 37.381760
2083 36.964160
2084 36.983520
2085 37.364800
2086 36.914240
2087 36.782240
2088 36.774240
2089 36.962400
2090 36.932320
2091 36.838880
2092 36.953920
2093 36.917600
2094 36.883840
2095 36.852800
2096 37.025280
2097 36.881600
2098 36.656160
2099 37.147520
2100 37.015200
2101 36.739680
2102 37.246080
2103 36.933440
2104 36.583360
2105 36.545920
2106 37.017120
2107 36.668480
2108 36.320640
2109 36.642720
2110 36.332800
2111 36.591840
2112 35.879040
2113 36.064800
2114 36.492640
2115 36.419840
2116 35.931200
2117 35.744960
2118 35.764320
2119 35.855680
2120 35.597440
2121 35.247520
2122 35.216800
2123 35.375360
2124 35.180480
2125 36.026560
2126 35.028320
2127 35.486720
2128 35.372800
2129 35.120320
2130 34.625920
2131 34.664960
2132 34.331040
2133 34.540320
2134 34.410400
2135 34.381440
2136 34.165440
2137 34.079040
2138 34.507680
2139 34.500320
2140 33.972960
2141 33.998240
2142 33.494080
2143 33.358560
2144 33.314240
2145 32.882880
2146 32.781920
2147 32.991520
2148 32.920320
2149 33.052320
2150 32.506080
2151 32.250560
2152 32.208160
2153 32.447680
2154 32.305440
2155 32.413280
2156 32.121600
2157 31.951680
2158 31.677920
2159 31.470080
2160 31.828640
2161 31.644160
2162 31.614400
2163 31.358880
2164 31.449120
2165 31.778400
2166 31.740960
2167 31.236320
2168 31.499360
2169 31.308640
2170 30.903200
2171 31.252960
2172 31.469440
2173 30.932640
2174 30.905440
2175 31.024320
2176 30.861120
2177 31.066080
2178 31.053440
2179 31.513920
2180 31.264160
2181 31.509120
2182 30.691680
2183 30.722080
2184 30.609920
2185 30.437280
2186 30.416320
2187 30.593760
2188 30.429280
2189 30.043680
2190 29.995840
2191 30.068960
2192 29.717120
2193 29.813600
2194 29.724800
2195 29.460800
2196 29.504960
2197 29.897920
2198 29.290720
2199 29.794720
2200 29.372960
2201 29.215520
2202 28.993280
2203 29.821920
2204 29.216480
2205 29.046560
2206 28.797440
2207 28.851200
2208 28.895680
2209 28.882240
2210 28.587680
2211 28.878880
2212 28.782400
2213 28.537760
2214 28.621600
2215 28.316960
2216 28.666240
2217 28.973600
2218 28.216800
2219 28.457760
2220 28.518880
2221 28.633440
2222 28.311840
2223 28.109440
2224 27.929920
2225 27.798720
2226 27.513120
2227 27.654880
2228 27.478720
2229 28.194400
2230 27.489280
2231 27.652000
2232 27.302080
2233 27.572320
2234 27.013600
2235 26.775520
2236 26.703840
2237 26.898400
2238 26.818720
2239 26.953120
2240 26.588960
2241 26.432000
2242 26.317760
2243 26.381120
2244 25.973440
2245 26.411360
2246 26.072960
2247 25.842560
2248 26.069920
2249 25.838400
2250 25.744640
2251 26.224480
2252 25.643840
2253 25.651360
2254 25.719520
2255 26.639040
2256 25.507680
2257 25.563040
2258 26.213280
2259 25.377600
2260 25.422560
2261 25.653920
2262 25.443040
2263 25.277280
2264 25.229440
2265 25.096800
2266 25.280640
2267 25.503360
2268 25.839360
2269 25.213120
2270 25.621120
2271 25.234560
2272 24.964480
2273 25.176160
2274 25.119520
2275 25.281760
2276 25.173120
2277 25.062720
2278 25.154080
2279 25.345440
2280 25.549440
2281 25.129920
2282 24.942880
2283 25.120480
2284 24.936480
2285 24.847840
2286 24.794880
2287 25.475040
2288 24.660320
2289 24.909440
2290 24.868640
2291 24.757120
2292 24.548960
2293 24.576480
2294 24.362400
2295 24.375360
2296 24.652000
2297 24.343200
2298 24.714720
2299 24.131840
2300 24.482880
2301 23.784640
2302 24.198720
2303 23.906560
2304 23.900800
2305 23.939520
2306 24.490560
2307 23.935200
2308 24.410240
2309 23.673760
2310 23.745280
2311 23.523360
2312 23.476960
2313 23.536480
2314 23.636000
2315 23.787680
2316 23.538560
2317 23.438400
2318 23.551520
2319 23.476480
2320 23.169600
2321 23.435680
2322 23.417280
2323 23.892480
2324 22.983200
2325 23.192480
2326 23.135360
2327 23.042880
2328 22.915040
2329 22.894720
2330 23.595520
2331 22.813760
2332 22.796320
2333 22.614560
2334 22.890880
2335 22.840640
2336 22.621600
2337 22.742080
2338 22.663680
2339 22.857120
2340 22.848640
2341 22.519040
2342 22.407360
2343 22.393600
2344 22.422080
2345 22.349920
2346 22.399520
2347 22.161760
2348 22.115040
2349 22.112960
2350 22.261760
2351 22.460160
2352 22.304640
2353 21.951360
2354 21.986240
2355 22.152960
2356 22.039680
2357 21.612480
2358 22.085760
2359 21.633440
2360 21.404800
2361 21.981440
2362 21.446560
2363 21.464160
2364 21.762400
2365 21.234080
2366 21.313760
2367 21.583840
2368 21.481280
2369 21.240320
2370 21.404160
2371 21.057600
2372 20.883520
2373 20.708160
2374 20.752640
2375 20.824960
2376 20.639840
2377 21.492800
2378 20.432960
2379 20.530880
2380 21.062880
2381 20.362720
2382 20.120800
2383 20.023360
2384 20.577120
2385 20.088640
2386 20.053600
2387 20.137120
2388 20.312960
2389 19.854080
2390 19.749280
2391 19.789280
2392 20.241920
2393 19.714720
2394 19.558880
2395 19.641280
2396 19.418560
2397 19.552480
2398 19.465920
2399 19.475520
2400 19.446240
2401 19.254880
2402 19.284800
2403 19.386400
2404 19.180800
2405 19.432800
2406 19.198560
2407 19.444320
2408 19.123040
2409 19.324800
2410 19.289600
2411 19.196000
2412 19.372480
2413 19.194560
2414 19.542720
2415 19.228160
2416 19.213280
2417 19.286560
2418 19.220320
2419 19.141280
2420 19.370080
2421 19.121440
2422 19.263200
2423 19.135840
2424 18.824960
2425 19.432000
2426 18.854080
2427 18.982880
2428 19.013440
2429 18.793440
2430 18.736960
2431 18.890080
2432 18.979040
2433 18.722880
2434 18.931840
2435 18.590400
2436 19.226400
2437 18.676160
2438 18.673920
2439 18.789600
2440 18.852800
2441 18.769120
2442 19.097440
2443 19.155680
2444 18.844320
2445 18.656960
2446 18.727040
2447 18.542720
2448 19.185280
2449 18.735840
2450 18.420000
2451 18.438080
2452 18.507680
2453 18.507040
2454 18.398080
2455 18.622240
2456 18.556960
2457 18.715520
2458 18.513920
2459 19.130240
2460 18.397600
2461 18.579840
2462 18.300000
2463 18.451680
2464 18.457440
2465 18.451200
2466 18.523360
2467 18.202880
2468 18.418400
2469 18.349120
2470 18.217920
2471 18.360640
2472 18.175200
2473 18.628640
2474 18.271840
2475 18.238720
2476 18.162080
2477 18.181920
2478 18.179040
2479 18.010880
2480 18.682720
2481 18.345280
2482 18.086560
2483 18.241280
2484 17.966400
2485 18.075200
2486 18.261280
2487 19.076960
2488 18.123040
2489 18.005600
2490 17.843360
2491 17.900320
2492 17.949600
2493 18.174080
2494 18.256160
2495 17.829440
2496 18.030720
2497 17.981440
2498 17.816000
2499 17.891040
2500 17.992480
2501 18.071840
2502 17.872960
2503 18.148640
2504 17.901440
2505 17.796800
2506 17.348960
2507 17.369120
2508 17.183680
2509 17.285280
2510 17.232640
2511 17.384640
2512 17.214080
2513 17.388800
2514 17.672160
2515 17.275840
2516 17.328320
2517 17.313760
2518 17.098720
2519 17.102080
2520 17.261600
2521 17.111840
2522 16.955520
2523 17.410240
2524 17.020320
2525 17.125600
2526 16.859040
2527 16.828960
2528 17.009280
2529 16.792160
2530 16.456800
2531 16.382880
2532 16.485440
2533 16.513440
2534 16.536800
2535 16.394560
2536 16.244160
2537 16.209120
2538 16.384800
2539 16.253600
2540 16.224000
2541 16.001760
2542 16.354400
2543 16.044320
2544 16.189280
2545 16.133600
2546 16.247520
2547 16.064160
2548 16.081280
2549 16.061280
2550 15.837280
2551 15.883040
2552 15.881120
2553 15.776320
2554 15.665920
2555 15.521760
2556 15.478560
2557 16.146720
2558 15.881120
2559 15.529920
2560 15.491360
2561 15.411680
2562 15.479360
2563 15.201920
2564 15.417440
2565 15.108800
2566 15.106560
2567 14.968640
2568 15.144320
2569 15.182400
2570 15.264640
2571 15.217120
2572 15.298880
2573 15.051040
2574 15.051520
2575 15.238240
2576 15.032800
2577 14.959200
2578 15.010880
2579 15.002880
2580 14.812000
2581 15.005760
2582 14.797120
2583 14.741280
2584 14.848000
2585 14.645600
2586 14.599680
2587 14.684000
2588 14.552000
2589 14.614560
2590 14.661600
2591 14.591200
2592 14.546080
2593 14.558880
2594 14.522880
2595 14.583360
2596 14.599840
2597 14.487520
2598 14.658080
2599 14.593120
2600 14.689440
2601 14.730880
2602 14.683040
2603 14.909760
2604 14.812160
2605 14.970240
2606 14.600320
2607 14.670560
2608 14.659520
2609 14.424320
2610 14.109600
2611 14.237440
2612 14.552960
2613 14.455840
2614 14.317600
2615 14.702240
2616 14.504160
2617 14.584000
2618 14.113600
2619 13.822720
2620 13.643840
2621 13.578400
2622 13.715520
2623 14.243360
2624 13.566560
2625 14.154240
2626 13.700640
2627 13.658400
2628 13.387040
2629 13.413280
2630 13.622720
2631 13.518560
2632 13.515360
2633 13.341440
2634 13.319520
2635 13.069920
2636 13.367040
2637 13.310720
2638 13.422560
2639 13.606400
2640 13.479840
2641 13.332160
2642 12.992320
2643 13.368640
2644 13.293120
2645 13.644800
2646 13.275200
2647 13.209120
2648 13.594240
2649 13.260640
2650 13.412640
2651 13.203680
2652 13.159840
2653 13.156000
2654 13.084800
2655 13.083520
2656 13.114720
2657 13.101120
2658 13.170240
2659 13.123520
2660 13.055520
2661 13.110560
2662 13.176480
2663 13.234240
2664 13.227040
2665 13.359200
2666 12.998080
2667 13.601280
2668 13.041120
2669 13.339360
2670 13.211040
2671 13.173120
2672 13.011840
2673 12.966400
2674 13.167520
2675 13.113280
2676 13.128640
2677 13.158720
2678 12.953440
2679 13.321600
2680 13.458240
2681 13.168800
2682 13.048800
2683 13.222240
2684 12.835520
2685 12.872960
2686 13.031040
2687 12.987520
2688 13.015360
2689 13.055040
2690 12.884960
2691 13.078720
2692 12.934720
2693 12.978720
2694 13.013600
2695 12.753120
2696 12.890560
2697 12.981600
2698 12.956480
2699 13.030880
2700 12.716640
2701 12.834080
2702 12.844160
2703 13.063680
2704 13.053760
2705 12.857440
2706 12.839840
2707 12.808320
2708 12.949920
2709 12.956800
2710 12.957120
2711 13.283520
2712 12.712800
2713 13.091840
2714 13.019200
2715 12.917280
2716 12.899360
2717 12.936000
2718 12.995840
2719 12.801440
2720 12.778400
2721 13.069280
2722 12.827040
2723 12.659040
2724 12.693920
2725 13.234560
2726 12.936000
2727 12.901760
2728 12.871040
2729 12.777920
2730 12.767200
2731 12.695840
2732 12.780640
2733 12.813600
2734 12.608000
2735 12.740000
2736 12.511040
2737 12.616640
2738 12.576960
2739 12.487680
2740 12.393760
2741 12.404160
2742 12.774880
2743 12.226080
2744 12.250720
2745 11.977440
2746 12.092960
2747 12.156000
2748 11.903360
2749 11.755680
2750 11.854080
2751 11.880160
2752 11.756320
2753 11.791520
2754 11.742720
2755 11.757920
2756 11.620320
2757 11.295040
2758 11.545120
2759 11.410400
2760 11.288000
2761 11.111840
2762 11.001600
2763 11.082080
2764 10.933760
2765 11.113440
2766 11.141120
2767 11.199680
2768 11.034720
2769 11.100320
2770 11.167040
2771 10.920800
2772 11.133600
2773 11.082240
2774 10.897600
2775 11.093600
2776 11.112960
2777 10.997920
2778 10.841280
2779 10.909120
2780 11.092000
2781 10.882400
2782 10.707680
2783 11.095680
2784 10.695520
2785 10.815360
2786 10.794240
2787 10.887040
2788 10.809600
2789 10.861120
2790 10.674880
2791 10.601920
2792 11.003680
2793 10.514080
2794 10.323040
2795 10.554880
2796 10.490720
2797 10.440320
2798 10.557600
2799 10.388000
2800 11.279040
2801 10.676160
2802 10.522400
2803 10.379040
2804 10.696480
2805 10.400800
2806 10.304160
2807 10.463520
2808 10.410720
2809 10.611040
2810 10.433760
2811 10.338560
2812 10.215040
2813 10.375040
2814 10.405920
2815 10.284160
2816 10.391680
2817 10.428800
2818 10.272320
2819 10.334400
2820 10.283360
2821 10.818080
2822 10.470880
2823 10.505760
2824 10.894080
2825 10.479520
2826 10.520480
2827 10.279520
2828 10.430240
2829 10.437120
2830 10.511200
2831 10.543040
2832 10.240160
2833 10.413280
2834 10.619200
2835 10.435200
2836 10.271840
2837 10.422880
2838 10.218240
2839 10.278080
2840 10.197760
2841 10.230240
2842 10.183840
2843 10.312960
2844 10.537920
2845 10.352320
2846 10.249280
2847 10.297600
2848 10.115040
2849 10.322240
2850 10.085280
2851 10.232640
2852 10.123520
2853 10.133920
2854 10.121760
2855 10.139680
2856 10.283200
2857 10.552960
2858 10.076800
2859 10.318880
2860 10.475040
2861 10.199680
2862 10.459040
2863 10.544800
2864 10.310400
2865 10.373920
2866 10.518720
2867 10.113120
2868 10.605600
2869 10.335520
2870 10.229600
2871 10.168320
2872 10.335360
2873 10.032960
2874 10.102880
2875 10.227360
2876 10.152960
2877 10.108640
2878 10.085120
2879 10.214080
2880 10.341920
2881 10.157440
2882 10.086880
2883 10.338720
2884 10.159200
2885 10.340320
2886 10.188160
2887 10.192800
2888 10.085440
2889 10.141120
2890 10.095840
2891 10.063040
2892 9.897920
2893 10.091040
2894 9.919680
2895 9.914880
2896 10.398400
2897 10.254560
2898 10.056960
2899 10.298400
2900 10.396480
2901 9.984000
2902 10.208640
2903 10.252800
2904 10.006880
2905 10.225440
2906 10.569600
2907 10.088960
2908 10.155680
2909 10.234880
2910 10.055680
2911 10.232320
2912 10.163840
2913 10.277760
2914 10.401120
2915 10.283840
2916 10.083040
2917 10.253280
2918 10.348160
2919 10.464000
2920 10.450240
2921 10.193920
2922 10.096800
2923 10.238400
2924 10.132160
2925 10.042880
2926 10.258880
2927 10.366880
2928 10.286880
2929 10.419200
2930 10.173120
2931 10.273440
2932 10.451200
2933 10.401920
2934 10.171040
2935 10.361440
2936 10.195040
2937 10.236480
2938 10.463040
2939 10.250560
2940 10.405280
2941 10.746080
2942 10.264960
2943 10.310080
2944 10.441280
2945 10.329120
2946 10.580000
2947 10.407840
2948 10.184800
2949 10.423840
2950 10.674880
2951 10.284640
2952 10.288800
2953 10.687040
2954 10.368000
2955 10.345280
2956 10.224960
2957 10.308320
2958 10.671360
2959 10.308000
2960 10.297440
2961 10.701440
2962 10.216960
2963 10.331680
2964 10.417280
2965 10.561120
2966 10.356800
2967 10.447680
2968 10.559520
2969 10.545760
2970 10.368960
2971 10.349120
2972 10.358080
2973 10.604160
2974 10.302720
2975 10.377440
2976 10.425440
2977 10.335680
2978 10.577440
2979 10.484320
2980 10.282080
2981 10.528160
2982 10.386560
2983 10.230720
2984 10.320480
2985 10.529440
2986 10.361760
2987 10.909760
2988 10.461120
2989 10.476320
2990 10.614400
2991 10.505440
2992 10.454880
2993 10.671200
2994 10.473120
2995 10.414080
2996 10.371360
2997 10.460320
2998 10.315520
2999 10.386400
3000 10.792160
3001 10.737600
3002 10.701760
3003 10.755840
3004 10.892320
3005 11.168480
3006 10.841280
3007 11.037760
3008 10.765920
3009 10.890880
3010 10.535680
3011 10.534080
3012 10.316320
3013 10.828800
3014 10.768320
3015 10.464800
3016 10.921280
3017 10.960640
3018 10.531840
3019 10.764320
3020 10.864320
3021 10.559200
3022 10.684640
3023 10.843520
3024 10.713760
3025 10.966560
3026 10.752800
3027 10.703520
3028 10.748000
3029 10.787360
3030 10.459040
3031 10.671520
3032 10.790080
3033 10.657600
3034 11.296800
3035 10.749760
3036 10.646400
3037 10.783200
3038 10.870720
3039 10.931840
3040 10.732800
3041 11.041760
3042 10.826880
3043 10.910560
3044 10.801760
3045 10.872160
3046 10.888320
3047 10.819680
3048 11.218080
3049 10.666400
3050 10.746400
3051 10.905120
3052 10.729600
3053 10.695040
3054 10.772160
3055 8.461920
3056 8.345760
3057 7.955360
3058 8.161600
3059 8.042560
3060 7.817920
3061 7.714080
3062 7.750880
3063 7.699520
3064 7.730880
3065 7.407840
3066 7.530880
3067 7.492320
3068 7.476160
3069 7.377920
3070 7.799840
3071 7.933600
3072 8.199200
3073 7.578560
3074 7.888480
3075 8.006560
3076 8.496960
3077 7.738400
3078 7.784000
3079 7.681920
3080 7.730240
3081 7.674080
3082 7.883200
3083 7.698400
3084 7.786400
3085 7.733600
3086 7.718080
3087 7.819520
3088 7.721920
3089 7.795200
3090 7.948480
3091 7.857440
3092 7.743040
3093 7.825440
3094 7.814560
3095 7.932960
3096 7.708480
3097 7.786080
3098 7.766560
3099 7.649280
3100 7.813440
3101 7.916160
3102 7.993440
3103 7.968000
3104 7.958880
3105 8.180480
3106 7.889280
3107 8.079520
3108 7.869120
3109 8.155840
3110 7.910720
3111 8.149920
3112 8.134560
3113 8.251520
3114 8.513440
3115 8.297600
3116 8.153600
3117 8.367520
3118 8.270560
3119 8.541760
3120 8.231040
3121 8.488960
3122 8.265760
3123 8.216160
3124 8.327840
3125 8.537120
3126 8.485120
3127 8.532480
3128 8.629120
3129 8.813440
3130 8.855200
3131 9.124800
3132 9.466240
3133 9.439840
3134 9.265760
3135 9.686240
3136 9.462400
3137 9.329440
3138 10.050240
3139 9.517440
3140 9.544800
3141 10.023840
3142 9.540480
3143 9.602080
3144 9.690240
3145 9.733600
3146 9.758080
3147 9.567840
3148 9.722080
3149 9.725920
3150 9.637120
3151 9.839360
3152 9.685600
3153 9.930240
3154 10.199040
3155 9.986560
3156 10.008000
3157 9.972160
3158 9.856160
3159 9.844160
3160 9.764800
3161 10.147040
3162 10.097440
3163 9.884960
3164 10.088800
3165 10.234400
3166 9.893280
3167 10.276640
3168 10.245280
3169 10.011520
3170 10.182880
3171 10.133920
3172 10.392800
3173 10.488320
3174 10.399200
3175 10.300160
3176 10.331840
3177 10.454880
3178 10.378240
3179 10.549280
3180 10.493280
3181 10.606400
3182 10.721280
3183 10.763360
3184 10.522080
3185 10.674560
3186 10.825600
3187 10.784160
3188 10.731360
3189 10.904000
3190 10.724320
3191 11.104960
3192 11.528640
3193 11.115520
3194 11.347680
3195 11.473120
3196 11.480320
3197 11.473760
3198 11.522720
3199 11.636960
3200 11.344320
3201 11.628000
3202 11.799520
3203 11.736960
3204 11.607200
3205 11.645280
3206 11.712800
3207 11.788480
3208 11.866240
3209 11.730080
3210 11.965760
3211 12.256800
3212 11.858720
3213 11.873600
3214 11.850240
3215 11.908000
3216 11.926880
3217 11.826400
3218 12.199040
3219 12.090560
3220 12.082720
3221 12.037440
3222 11.896320
3223 12.081440
3224 11.987200
3225 12.068960
3226 11.995040
3227 11.999520
3228 12.486560
3229 12.477120
3230 11.955680
3231 12.667200
3232 11.967680
3233 12.050080
3234 12.096640
3235 11.746560
3236 12.067040
3237 12.048640
3238 12.138240
3239 12.184000
3240 12.196800
3241 12.476480
3242 12.222240
3243 12.135680
3244 12.186240
3245 12.388480
3246 12.396640
3247 12.501600
3248 12.186720
3249 12.639680
3250 12.548480
3251 12.388320
3252 12.400800
3253 12.333600
3254 12.405920
3255 12.441440
3256 12.442720
3257 12.698080
3258 12.287200
3259 12.525440
3260 12.698240
3261 12.905920
3262 12.591040
3263 12.717440
3264 12.825440
3265 12.777120
3266 12.945440
3267 13.094880
3268 12.648000
3269 12.998880
3270 12.940320
3271 13.148640
3272 13.140160
3273 13.004160
3274 12.892480
3275 13.132320
3276 13.184160
3277 13.380160
3278 13.464640
3279 13.406560
3280 13.268960
3281 13.433600
3282 13.450400
3283 13.457760
3284 13.910560
3285 13.482560
3286 13.650880
3287 13.320640
3288 13.678720
3289 13.834080
3290 13.827520
3291 13.704480
3292 13.730240
3293 13.908800
3294 14.064800
3295 13.733440
3296 13.801760
3297 13.970400
3298 13.992640
3299 14.336640
3300 14.051680
3301 14.117920
3302 14.067200
3303 13.999840
3304 13.926720
3305 14.081440
3306 14.205280
3307 14.299360
3308 14.176000
3309 14.196480
3310 14.331520
3311 14.537440
3312 14.318080
3313 14.666720
3314 14.333760
3315 14.611040
3316 14.540800
3317 14.386080
3318 14.561760
3319 15.016320
3320 14.562560
3321 14.552480
3322 14.567040
3323 14.967040
3324 14.629760
3325 14.784000
3326 14.579200
3327 14.794880
3328 14.655040
3329 14.299040
3330 14.546080
3331 14.541280
3332 14.636160
3333 14.895520
3334 14.783520
3335 14.565760
3336 14.575360
3337 15.041920
3338 14.585120
3339 14.869280
3340 14.757280
3341 15.010880
3342 14.876160
3343 14.819520
3344 14.839680
3345 15.017920
3346 14.828480
3347 15.298080
3348 14.884160
3349 15.167360
3350 14.920480
3351 15.462560
3352 15.541600
3353 15.717760
3354 15.621440
3355 15.634560
3356 15.714880
3357 15.704000
3358 15.915840
3359 15.822720
3360 16.057760
3361 15.809920
3362 15.891520
3363 15.705440
3364 15.784480
3365 15.736640
3366 15.815200
3367 15.931040
3368 15.938560
3369 15.770560
3370 16.154080
3371 16.261600
3372 16.041280
3373 16.044480
3374 16.293280
3375 16.172800
3376 15.943200
3377 15.977440
3378 15.919040
3379 16.016000
3380 16.064960
3381 16.063680
3382 16.146720
3383 16.126560
3384 16.141760
3385 16.160800
3386 16.212640
3387 16.174080
3388 16.342080
3389 16.204960
3390 16.171360
3391 16.386720
3392 16.344160
3393 16.452160
3394 16.068480
3395 16.230880
3396 16.263360
3397 16.347680
3398 16.194240
3399 16.433760
3400 16.284160
3401 16.503040
3402 16.338720
3403 16.513760
3404 16.908960
3405 16.489440
3406 16.579200
3407 16.532480
3408 16.503840
3409 16.543840
3410 16.808960
3411 16.525600
3412 16.711040
3413 16.763840
3414 16.498240
3415 16.878080
3416 16.852800
3417 16.869440
3418 17.217760
3419 17.160960
3420 17.159040
3421 17.066880
3422 17.285600
3423 17.370240
3424 17.641600
3425 17.145280
3426 17.435520
3427 17.220480
3428 17.291840
3429 17.363040
3430 17.459200
3431 17.363200
3432 17.797280
3433 18.042240
3434 17.693600
3435 18.309280
3436 17.795360
3437 17.859200
3438 17.834720
3439 18.239840
3440 17.885280
3441 17.740960
3442 18.290400
3443 17.701920
3444 17.831680
3445 18.136000
3446 18.177440
3447 18.179840
3448 18.121920
3449 18.014400
3450 18.472800
3451 18.501280
3452 18.119360
3453 18.350880
3454 18.303680
3455 18.182720
3456 18.236800
3457 18.739840
3458 18.339840
3459 18.179840
3460 18.131360
3461 18.383360
3462 18.318560
3463 18.299680
3464 18.459200
3465 18.351040
3466 18.410080
3467 18.405280
3468 18.399200
3469 18.521120
3470 18.736640
3471 18.642720
3472 18.885120
3473 18.820960
3474 18.663360
3475 18.737120
3476 19.000160
3477 18.673280
3478 19.168320
3479 18.769760
3480 18.941120
3481 18.618720
3482 19.399520
3483 18.662560
3484 18.632800
3485 18.908000
3486 18.873600
3487 19.114880
3488 19.576320
3489 19.117600
3490 19.085120
3491 19.181760
3492 19.488800
3493 19.436000
3494 18.946240
3495 19.124000
3496 19.144640
3497 19.230400
3498 19.360960
3499 19.428160
3500 19.236000
3501 19.562080
3502 19.176640
3503 19.584640
3504 19.599520
3505 19.584160
3506 19.754400
3507 20.186080
3508 19.700640
3509 19.662240
3510 19.631040
3511 19.695520
3512 19.465920
3513 19.750720
3514 19.540000
3515 20.400800
3516 19.839520
3517 19.649760
3518 19.513120
3519 19.520320
3520 19.541920
3521 19.470880
3522 19.546560
3523 19.602080
3524 19.668320
3525 20.155200
3526 19.882080
3527 20.033760
3528 19.952960
3529 20.716800
3530 19.778880
3531 19.997440
3532 19.917440
3533 20.073920
3534 19.979200
3535 20.011200
3536 19.987680
3537 20.622720
3538 20.309440
3539 20.438240
3540 20.354560
3541 20.988000
3542 20.405120
3543 20.649920
3544 20.749440
3545 20.697440
3546 20.727200
3547 20.823840
3548 21.885920
3549 21.016160
3550 21.061120
3551 21.757440
3552 21.093280
3553 21.093440
3554 21.321120
3555 21.420800
3556 21.787040
3557 21.481920
3558 21.500800
3559 21.618080
3560 22.064480
3561 21.822240
3562 21.859680
3563 22.049600
3564 21.848160
3565 21.749600
3566 21.996640
3567 22.276960
3568 21.954880
3569 22.251360
3570 22.203680
3571 22.752160
3572 22.059520
3573 22.139040
3574 22.264160
3575 22.492000
3576 23.040640
3577 22.519840
3578 22.182080
3579 22.236640
3580 22.287520
3581 22.393440
3582 22.224160
3583 22.469920
3584 22.754240
3585 22.432160
3586 22.449440
3587 22.898240
3588 22.436800
3589 22.120960
3590 22.741440
3591 22.542880
3592 22.192800
3593 22.469440
3594 22.646880
3595 22.763840
3596 23.215840
3597 22.649120
3598 22.702400
3599 22.612480
3600 22.801760
3601 22.694080
3602 22.814880
3603 23.612160
3604 23.070400
3605 23.046880
3606 23.005600
3607 23.405760
3608 22.968480
3609 23.179360
3610 23.593760
3611 23.242240
3612 24.035200
3613 23.464480
3614 23.432000
3615 23.406880
3616 23.665760
3617 23.513280
3618 23.670560
3619 23.480000
3620 23.478880
3621 23.642400
3622 23.527040
3623 24.304160
3624 23.658080
3625 23.906720
3626 23.842400
3627 23.690560
3628 23.724800
3629 23.942400
3630 23.614720
3631 24.462400
3632 23.819840
3633 23.952800
3634 23.812800
3635 23.836160
3636 23.812160
3637 24.666400
3638 24.194400
3639 24.369440
3640 24.343040
3641 24.289440
3642 24.132640
3643 24.482720
3644 24.313920
3645 25.287840
3646 24.530080
3647 24.525120
3648 25.022080
3649 24.783040
3650 24.670240
3651 24.561120
3652 24.591680
3653 24.741920
3654 24.958880
3655 24.781440
3656 24.827520
3657 24.796800
3658 25.500480
3659 25.011200
3660 24.670240
3661 24.857120
3662 24.680960
3663 24.967680
3664 25.064640
3665 25.072000
3666 24.975040
3667 25.209760
3668 24.946080
3669 25.079200
3670 25.348000
3671 25.104800
3672 25.164320
3673 25.128320
3674 25.724960
3675 25.220480
3676 25.045920
3677 25.646720
3678 25.554080
3679 25.869920
3680 25.361280
3681 25.247840
3682 25.705440
3683 25.375840
3684 25.725120
3685 25.341280
3686 25.237920
3687 25.474080
3688 25.398880
3689 25.175040
3690 25.231680
3691 25.264960
3692 25.126720
3693 25.632960
3694 25.123520
3695 25.551520
3696 25.248320
3697 25.613280
3698 25.866560
3699 25.507200
3700 25.183360
3701 25.809280
3702 25.278080
3703 26.282400
3704 25.764320
3705 25.582080
3706 25.549600
3707 25.677440
3708 25.716320
3709 25.896800
3710 25.889280
3711 26.415840
3712 25.993600
3713 26.365760
3714 25.945760
3715 25.981120
3716 25.856160
3717 26.209920
3718 26.108320
3719 26.352160
3720 26.053280
3721 26.596160
3722 26.337280
3723 26.029920
3724 25.956640
3725 26.425120
3726 26.274400
3727 26.223040
3728 26.192960
3729 26.234880
3730 27.042080
3731 26.435840
3732 26.466240
3733 26.724480
3734 26.562400
3735 26.769440
3736 26.339360
3737 26.620160
3738 26.419680
3739 26.456000
3740 26.608000
3741 26.672960
3742 26.982720
3743 26.830880
3744 26.680800
3745 26.869760
3746 26.572800
3747 27.036480
3748 27.343040
3749 27.101600
3750 26.829120
3751 27.087200
3752 26.992800
3753 27.195040
3754 26.869920
3755 27.021280
3756 27.252640
3757 27.250720
3758 27.053280
3759 27.225760
3760 27.298880
3761 27.262720
3762 27.263680
3763 27.473760
3764 27.406080
3765 27.236000
3766 27.307040
3767 27.388640
3768 27.545120
3769 27.955040
3770 27.556160
3771 27.674080
3772 27.529920
3773 27.574880
3774 27.635680
3775 27.820800
3776 27.819680
3777 27.838240
3778 28.022400
3779 27.945760
3780 27.885280
3781 27.865920
3782 27.857440
3783 28.182240
3784 27.876160
3785 28.037280
3786 27.992480
3787 28.001280
3788 28.012160
3789 28.128160
3790 27.887840
3791 28.596640
3792 28.078720
3793 28.188960
3794 28.116960
3795 28.180480
3796 28.376800
3797 28.046240
3798 28.301760
3799 28.406080
3800 28.257760
3801 28.559200
3802 28.664000
3803 28.995680
3804 28.537440
3805 28.433760
3806 28.561440
3807 29.053120
3808 28.684800
3809 28.968320
3810 28.722880
3811 28.512640
3812 28.305120
3813 28.701760
3814 28.450880
3815 28.703520
3816 29.131520
3817 28.905920
3818 28.989760
3819 28.799680
3820 28.684800
3821 29.680000
3822 28.909440
3823 29.215520
3824 29.152000
3825 28.970080
3826 29.169920
3827 29.110720
3828 29.615040
3829 29.260320
3830 29.403680
3831 29.152800
3832 29.316320
3833 29.513120
3834 29.143840
3835 29.145120
3836 29.157120
3837 29.388000
3838 29.578880
3839 30.009920
3840 29.541440
3841 29.463680
3842 29.887360
3843 29.778880
3844 29.732160
3845 29.999040
3846 30.169120
3847 30.319840
3848 29.724960
3849 29.832480
3850 30.568960
3851 29.923360
3852 29.766240
3853 30.075040
3854 29.903040
3855 30.205920
3856 30.371520
3857 29.894080
3858 30.962560
3859 30.241760
3860 30.369280
3861 30.775360
3862 30.551040
3863 30.555840
3864 30.401760
3865 30.385600
3866 30.386880
3867 30.471520
3868 30.742240
3869 30.792800
3870 31.077920
3871 30.740960
3872 30.697600
3873 31.113760
3874 30.742560
3875 31.086560
3876 30.865600
3877 31.351040
3878 30.941920
3879 30.928160
3880 31.290240
3881 31.418240
3882 30.778720
3883 31.130400
3884 31.091040
3885 31.178400
3886 30.867840
3887 31.176960
3888 31.073920
3889 31.043040
3890 30.764320
3891 30.912800
3892 31.004000
3893 31.513760
3894 30.814080
3895 31.003840
3896 31.169920
3897 31.027520
3898 31.417600
3899 31.033760
3900 31.260960
3901 31.000960
3902 31.094400
3903 31.042080
3904 31.054400
3905 31.553280
3906 31.635680
3907 31.568160
3908 31.053120
3909 31.088000
3910 30.941120
3911 31.316160
3912 31.027840
3913 31.201440
3914 31.419360
3915 31.212000
3916 31.060000
3917 31.182880
3918 31.168640
3919 31.219840
3920 31.448480
3921 31.666400
3922 31.854880
3923 31.158400
3924 31.213920
3925 31.131840
3926 31.131200
3927 31.266400
3928 31.428160
3929 31.146240
3930 31.625280
3931 31.657600
3932 31.249280
3933 31.151360
3934 31.122720
3935 32.354880
3936 31.970080
3937 31.688640
3938 31.088480
3939 31.435680
3940 31.277120
3941 31.251840
3942 31.205440
3943 31.204960
3944 31.146080
3945 31.697440
3946 31.559520
3947 31.124320
3948 31.232480
3949 31.131200
3950 31.166400
3951 31.252800
3952 31.034880
3953 32.388480
3954 31.168800
3955 31.652960
3956 31.388160
3957 31.580160
3958 31.235840
3959 31.321120
3960 31.346080
3961 31.436000
3962 31.817440
3963 31.981440
3964 31.522400
3965 31.377440
3966 31.671680
3967 31.331840
3968 31.865120
3969 31.654720
3970 31.874400
3971 31.992640
3972 31.597600
3973 32.344480
3974 32.343840
3975 31.915520
3976 31.796960
3977 32.366880
3978 32.553440
3979 32.608640
3980 32.975360
3981 32.747360
3982 32.554240
3983 32.584160
3984 32.957440
3985 32.658240
3986 32.547200
3987 32.159680
3988 32.028800
3989 32.255680
3990 33.018560
3991 32.920320
3992 33.004800
3993 32.567840
3994 34.766720
3995 33.576000
3996 32.442400
3997 32.929440
3998 34.413920
3999 32.619520
4000 32.387040
4001 32.525920
4002 32.653440
4003 32.865600
4004 32.696800
4005 32.895680
4006 32.747840
4007 32.648640
4008 32.709440
4009 32.747680
4010 32.812800
4011 33.076480
4012 32.911680
4013 33.061280
4014 33.367040
4015 33.084960
4016 33.286560
4017 33.191200
4018 33.045760
4019 33.024000
4020 33.176320
4021 33.130080
4022 33.589280
4023 33.157440
4024 33.457600
4025 33.789120
4026 33.793920
4027 33.296480
4028 33.760160
4029 33.406560
4030 33.448320
4031 33.410720
4032 33.403680
4033 33.604800
4034 33.426880
4035 33.549120
4036 33.655840
4037 33.592000
4038 33.718240
4039 34.064000
4040 33.435360
4041 33.580000
4042 33.582080
4043 34.265120
4044 35.801280
4045 36.167840
4046 36.861600
4047 36.339840
4048 36.067360
4049 33.999680
4050 33.456320
4051 33.476960
4052 33.967360
4053 33.540480
4054 33.698240
4055 33.874880
4056 33.640800
4057 33.827040
4058 33.710880
4059 33.633760
4060 33.939040
4061 33.787520
4062 33.736960
4063 34.270080
4064 34.170720
4065 33.761760
4066 33.919680
4067 33.773440
4068 33.719040
4069 33.718880
4070 33.988800
4071 33.809120
4072 34.082080
4073 34.349280
4074 34.597120
4075 34.575200
4076 34.104480
4077 33.812640
4078 33.862720
4079 33.640320
4080 33.939040
4081 33.919040
4082 33.718080
4083 33.811840
4084 33.842880
4085 34.537120
4086 34.036480
4087 33.833280
4088 33.716320
4089 33.781120
4090 33.927360
4091 33.701760
4092 34.052000
4093 34.071520
4094 33.843680
4095 34.092160
4096 34.448640
4097 34.528640
4098 34.297440
4099 34.184640
4100 33.969920
4101 34.569760
4102 34.564960
4103 34.583360
4104 34.965280
4105 34.397280
4106 34.477120
4107 34.551840
4108 34.768640
4109 34.545920
4110 34.563360
4111 34.543360
4112 35.518880
4113 34.707040
4114 34.455840
4115 34.405600
4116 34.527840
4117 34.590880
4118 34.726560
4119 35.450400
4120 34.553760
4121 34.490720
4122 34.509600
4123 34.670240
4124 34.584000
4125 35.175680
4126 34.863200
4127 34.437280
4128 34.565120
4129 34.530720
4130 34.590080
4131 34.631200
4132 34.684160
4133 34.433920
4134 34.802880
4135 35.067360
4136 34.431200
4137 34.696000
4138 34.641760
4139 34.515520
4140 35.166080
4141 35.173600
4142 34.463520
4143 34.605120
4144 34.456160
4145 34.773600
4146 34.661600
4147 34.622720
4148 34.850240
4149 34.875040
4150 34.688640
4151 34.706880
4152 34.379840
4153 34.790080
4154 34.724640
4155 34.829440
4156 34.707200
4157 34.776960
4158 34.675680
4159 34.664640
4160 34.789920
4161 35.193920
4162 35.319840
4163 34.709120
4164 34.379840
4165 34.603840
4166 34.497920
4167 34.460160
4168 34.847200
4169 34.835200
4170 34.431680
4171 34.223200
4172 34.464960
4173 34.360480
4174 34.272160
4175 34.180480
4176 34.368960
4177 34.724000
4178 34.664000
4179 34.091360
4180 34.003840
4181 34.306400
4182 34.222080
4183 34.081760
4184 34.222240
4185 33.947040
4186 34.528480
4187 34.609760
4188 34.278720
4189 34.292800
4190 33.955680
4191 34.019840
4192 33.995840
4193 34.149760
4194 34.323520
4195 33.980800
4196 34.203520
4197 34.017440
4198 33.849280
4199 33.876000
4200 33.657600
4201 33.993440
4202 33.954880
4203 34.071520
4204 34.125920
4205 34.171360
4206 34.403840
4207 33.752480
4208 33.844480
4209 33.823840
4210 33.518400
4211 33.518560
4212 33.776320
4213 33.884800
4214 33.333120
4215 33.106560
4216 33.060640
4217 32.899200
4218 33.391040
4219 33.283840
4220 32.776160
4221 33.615360
4222 32.963840
4223 32.829920
4224 32.509440
4225 32.610080
4226 32.615200
4227 32.848960
4228 32.441280
4229 32.383360
4230 32.391360
4231 32.424000
4232 32.049760
4233 32.480800
4234 32.593440
4235 32.160160
4236 32.347040
4237 32.664000
4238 32.204480
4239 31.850720
4240 31.593280
4241 31.562400
4242 32.137120
4243 32.384320
4244 31.740320
4245 31.561440
4246 32.183360
4247 32.039520
4248 31.412640
4249 31.715520
4250 31.591840
4251 31.236960
4252 31.103200
4253 30.999520
4254 30.851840
4255 30.814720
4256 30.698720
4257 30.944320
4258 31.189440
4259 30.431520
4260 30.132320
4261 30.176320
4262 30.155360
4263 29.802560
4264 29.893920
4265 30.045120
4266 30.636960
4267 29.632480
4268 29.712160
4269 29.073120
4270 29.333440
4271 29.257920
4272 28.951680
4273 29.602560
4274 29.359200
4275 28.693120
4276 28.648320
4277 28.752160
4278 28.789760
4279 28.491840
4280 27.806400
4281 28.022880
4282 28.403040
4283 27.637280
4284 27.484000
4285 28.322240
4286 27.681600
4287 27.749440
4288 27.504320
4289 28.364960
4290 27.427680
4291 27.409440
4292 27.632480
4293 27.220320
4294 27.036640
4295 26.829440
4296 26.781760
4297 26.700000
4298 26.385920
4299 26.087840
4300 25.792160
4301 25.815520
4302 25.351840
4303 25.648640
4304 25.268480
4305 24.913920
4306 24.919520
4307 25.488960
4308 25.552000
4309 24.905280
4310 24.671040
4311 24.990880
4312 24.593440
4313 25.056800
4314 24.927040
4315 24.875040
4316 24.839040
4317 24.872480
4318 25.224320
4319 24.808960
4320 25.109600
4321 25.083680
4322 24.810880
4323 24.913920
4324 25.124640
4325 25.211040
4326 25.225920
4327 24.903680
4328 25.833600
4329 25.026080
4330 24.721600
4331 25.226400
4332 24.825120
4333 24.951360
4334 25.296160
4335 25.320800
4336 25.235520
4337 25.306240
4338 25.004320
4339 24.860000
4340 25.128160
4341 25.353440
4342 25.252960
4343 25.117280
4344 25.343200
4345 25.407840
4346 25.456000
4347 25.510560
4348 25.430080
4349 25.690400
4350 25.185600
4351 25.612320
4352 25.146560
4353 26.350720
4354 25.537280
4355 25.284160
4356 25.426560
4357 25.338240
4358 25.178240
4359 25.152800
4360 25.248000
4361 25.142880
4362 25.136000
4363 25.472480
4364 24.959680
4365 25.184800
4366 25.268800
4367 24.948320
4368 25.035680
4369 24.976000
4370 25.172480
4371 24.900480
4372 25.787520
4373 25.245440
4374 24.853280
4375 25.551680
4376 25.220320
4377 25.092960
4378 25.134720
4379 25.448640
4380 25.060320
4381 26.276640
4382 24.891040
4383 25.117120
4384 25.077440
4385 24.909760
4386 27.742720
4387 28.000960
4388 27.519840
4389 27.698880
4390 27.521440
4391 27.561920
4392 27.516320
4393 27.467040
4394 27.370400
4395 27.433440
4396 28.087360
4397 27.807360
4398 27.572480
4399 27.602720
4400 28.187360
4401 27.956800
4402 27.377280
4403 27.700960
4404 27.284000
4405 27.340640
4406 27.639200
4407 27.281120
4408 27.517120
4409 27.006880
4410 27.605760
4411 27.378880
4412 27.488480
4413 28.009920
4414 27.714720
4415 27.780960
4416 27.170240
4417 27.174400
4418 27.952960
4419 27.547200
4420 27.095520
4421 27.595840
4422 27.240480
4423 27.712000
4424 27.212960
4425 27.373920
4426 27.421760
4427 27.433920
4428 27.358080
4429 27.328960
4430 27.391200
4431 27.312800
4432 27.182400
4433 27.721760
4434 27.111040
4435 27.292320
4436 27.000000
4437 27.387680
4438 27.128480
4439 27.311680
4440 27.187040
4441 27.311520
4442 27.020000
4443 27.247360
4444 27.264480
4445 27.156000
4446 27.217280
4447 27.124000
4448 27.586080
4449 27.794240
4450 27.056960
4451 27.313760
4452 27.125760
4453 26.998720
4454 27.870080
4455 27.134560
4456 27.150560
4457 27.694560
4458 27.229760
4459 27.318240
4460 27.173760
4461 26.968480
4462 27.026880
4463 27.163520
4464 26.827840
4465 27.095200
4466 27.032000
4467 27.073760
4468 27.056640
4469 26.975680
4470 27.695840
4471 27.121280
4472 26.956640
4473 26.761600
4474 26.716800
4475 27.259840
4476 26.639360
4477 26.948320
4478 27.029440
4479 27.061120
4480 27.317760
4481 27.080000
4482 26.929440
4483 26.845120
4484 26.622720
4485 26.614080
4486 27.011520
4487 26.732320
4488 26.606400
4489 26.519200
4490 26.772320
4491 27.179360
4492 26.324320
4493 26.584480
4494 27.372320
4495 26.725760
4496 26.856800
4497 26.692800
4498 26.557120
4499 26.720960
4500 26.535360
4501 26.418560
4502 26.352480
4503 26.201600
4504 26.278400
4505 26.306880
4506 26.624960
4507 26.467520
4508 26.497760
4509 26.640960
4510 26.156480
4511 26.160160
4512 25.879840
4513 26.136000
4514 25.878240
4515 26.287680
4516 26.020800
4517 26.850080
4518 26.073440
4519 25.808160
4520 26.251040
4521 26.159520
4522 26.393920
4523 26.076640
4524 26.559040
4525 26.103360
4526 25.998240
4527 26.526560
4528 26.043680
4529 26.244000
4530 26.275040
4531 26.056320
4532 26.125120
4533 26.033120
4534 26.040480
4535 26.000640
4536 25.752800
4537 26.058720
4538 25.806080
4539 25.781920
4540 26.039040
4541 26.092640
4542 26.625760
4543 25.705600
4544 25.466560
4545 25.764640
4546 25.532480
4547 26.362400
4548 26.015680
4549 25.951680
4550 26.039680
4551 25.688640
4552 25.970880
4553 25.672160
4554 25.742240
4555 25.960000
4556 25.901120
4557 26.031200
4558 25.709920
4559 25.738880
4560 26.455040
4561 25.896960
4562 25.667520
4563 26.567360
4564 25.849120
4565 23.423680
4566 23.518240
4567 23.317760
4568 23.496960
4569 23.629280
4570 23.337760
4571 23.374560
4572 23.447680
4573 24.322560
4574 23.344800
4575 23.614080
4576 23.460640
4577 23.476960
4578 23.572800
4579 23.585120
4580 23.346560
4581 23.532000
4582 23.757760
4583 23.546240
4584 23.949280
4585 23.292640
4586 23.732960
4587 23.439840
4588 23.298240
4589 23.388320
4590 23.303680
4591 23.493760
4592 23.168320
4593 23.340800
4594 23.128960
4595 23.617920
4596 23.803360
4597 23.178400
4598 23.162400
4599 23.241920
4600 23.241920
4601 23.487360
4602 23.076640
4603 23.215200
4604 23.209760
4605 23.411520
4606 23.136000
4607 23.525600
4608 23.068480
4609 24.017280
4610 23.311840
4611 23.130400
4612 22.889280
4613 23.135680
4614 22.950240
4615 23.277600
4616 23.997600
4617 23.174880
4618 23.258080
4619 23.197280
4620 23.322240
4621 23.394400
4622 23.129920
4623 22.981760
4624 23.513760
4625 23.614240
4626 22.963840
4627 23.347680
4628 22.880640
4629 22.894240
4630 22.733760
4631 23.523200
4632 22.869600
4633 22.859200
4634 22.734080
4635 22.824480
4636 22.805440
4637 22.776960
4638 22.952960
4639 22.504960
4640 22.787200
4641 23.150400
4642 22.748320
4643 23.173760
4644 22.795200
4645 22.942880
4646 22.688320
4647 23.070880
4648 22.812160
4649 22.780000
4650 22.656800
4651 22.800000
4652 22.596800
4653 22.785760
4654 23.098240
4655 22.885440
4656 22.706400
4657 23.515680
4658 22.685600
4659 22.769600
4660 22.619200
4661 22.888640
4662 22.813600
4663 22.640160
4664 23.099360
4665 22.422240
4666 22.398560
4667 22.455360
4668 23.015520
4669 22.845280
4670 22.750560
4671 22.953280
4672 22.647680
4673 22.548640
4674 22.769760
4675 22.841120
4676 22.761120
4677 22.636320
4678 22.459520
4679 22.431520
4680 22.417600
4681 22.281600
4682 22.644320
4683 21.994880
4684 22.156640
4685 22.612640
4686 22.808320
4687 22.404800
4688 22.316000
4689 22.390400
4690 22.705920
4691 22.190240
4692 22.070400
4693 22.030720
4694 22.271360
4695 22.429440
4696 22.157600
4697 22.100320
4698 22.998560
4699 21.966560
4700 22.063360
4701 21.857600
4702 22.254400
4703 22.974720
4704 22.116480
4705 22.092000
4706 21.949760
4707 22.020320
4708 21.617280
4709 21.480000
4710 21.621120
4711 22.068320
4712 21.667200
4713 21.598720
4714 21.324320
4715 21.497600
4716 21.453280
4717 21.883680
4718 21.646080
4719 21.750560
4720 22.003520
4721 21.647360
4722 21.479840
4723 21.664320
4724 21.719360
4725 21.415840
4726 21.410400
4727 21.521120
4728 22.038400
4729 21.361600
4730 21.436800
4731 21.289440
4732 21.584800
4733 21.523200
4734 21.328480
4735 21.709920
4736 21.147680
4737 21.360000
4738 21.420800
4739 21.196640
4740 21.782240
4741 21.401280
4742 21.360800
4743 21.527360
4744 21.272960
4745 21.169440
4746 21.152480
4747 21.148800
4748 20.835680
4749 21.987360
4750 21.108000
4751 20.861120
4752 21.534080
4753 21.077600
4754 20.961440
4755 20.835680
4756 21.022400
4757 21.315840
4758 21.393760
4759 20.930720
4760 21.291040
4761 21.521440
4762 21.004960
4763 21.279040
4764 21.507040
4765 20.747040
4766 20.890560
4767 20.858080
4768 21.082080
4769 20.904800
4770 20.968160
4771 21.293920
4772 21.267040
4773 20.905120
4774 20.869440
4775 20.977920
4776 21.099520
4777 21.429920
4778 21.123200
4779 20.961280
4780 21.437920
4781 21.048960
4782 20.598720
4783 21.700800
4784 20.784480
4785 20.730080
4786 21.719680
4787 20.861600
4788 20.673440
4789 20.855200
4790 20.729120
4791 21.212320
4792 20.767520
4793 20.633440
4794 20.590720
4795 20.436160
4796 21.073120
4797 20.732960
4798 20.544160
4799 21.049760
4800 20.587520
4801 20.606240
4802 20.810560
4803 21.120160
4804 20.485440
4805 20.879680
4806 20.250720
4807 20.570240
4808 20.572160
4809 20.542880
4810 20.877120
4811 20.364960
4812 20.405920
4813 20.756800
4814 20.211680
4815 20.836480
4816 20.547520
4817 20.507840
4818 20.510720
4819 20.617120
4820 20.439520
4821 20.389920
4822 20.611520
4823 20.542080
4824 21.011520
4825 20.516480
4826 20.572640
4827 20.712000
4828 20.252960
4829 20.400800
4830 20.260480
4831 20.860800
4832 20.130560
4833 20.589120
4834 20.449280
4835 20.225440
4836 20.281760
4837 20.240160
4838 20.029440
4839 20.111040
4840 20.147840
4841 20.269760
4842 20.259360
4843 20.142720
4844 20.156960
4845 20.156800
4846 20.124160
4847 20.039360
4848 20.181760
4849 19.988480
4850 20.460480
4851 20.267360
4852 20.378560
4853 19.974240
4854 20.530240
4855 19.873600
4856 20.130560
4857 20.702880
4858 20.090560
4859 20.567040
4860 19.980000
4861 20.725280
4862 20.032000
4863 20.113600
4864 19.948160
4865 19.692800
4866 19.916800
4867 20.225760
4868 20.057120
4869 20.523840
4870 20.152480
4871 20.120160
4872 20.228320
4873 20.713280
4874 19.920000
4875 19.650560
4876 19.973440
4877 20.424640
4878 19.922080
4879 19.456480
4880 19.577280
4881 19.904320
4882 19.116480
4883 19.308320
4884 19.392000
4885 19.394560
4886 20.140000
4887 19.084160
4888 19.258080
4889 19.137440
4890 19.092160
4891 19.699200
4892 19.046560
4893 19.059520
4894 19.366080
4895 18.936480
4896 19.572960
4897 18.926080
4898 19.059200
4899 19.015680
4900 18.746080
4901 18.912320
4902 18.818720
4903 19.361440
4904 18.982560
4905 18.759840
4906 18.869600
4907 19.126080
4908 18.864960
4909 19.084320
4910 18.865440
4911 18.948000
4912 18.789120
4913 19.227200
4914 18.995520
4915 18.662400
4916 19.011040
4917 18.524960
4918 19.208160
4919 18.552960
4920 18.474240
4921 18.341600
4922 18.283360
4923 18.369920
4924 18.241280
4925 18.924160
4926 18.231040
4927 18.320640
4928 18.188800
4929 18.216480
4930 18.323200
4931 18.120640
4932 18.108320
4933 18.095360
4934 18.246240
4935 18.434720
4936 17.982400
4937 17.970400
4938 17.880320
4939 18.187840
4940 17.479520
4941 17.993280
4942 17.813280
4943 17.966560
4944 17.889440
4945 17.839840
4946 17.933280
4947 17.507680
4948 18.361760
4949 17.605120
4950 17.532960
4951 17.531040
4952 17.560000
4953 17.396960
4954 17.780320
4955 17.707200
4956 17.654560
4957 17.982400
4958 17.772480
4959 17.818880
4960 17.506400
4961 17.935200
4962 17.595680
4963 17.570400
4964 17.793280
4965 17.851200
4966 17.806720
4967 17.632640
4968 17.692320
4969 17.647360
4970 17.642880
4971 17.603680
4972 17.480000
4973 17.496640
4974 17.749920
4975 17.405120
4976 17.693120
4977 17.441280
4978 17.351040
4979 17.442400
4980 17.577920
4981 17.345760
4982 17.224960
4983 17.458240
4984 16.938400
4985 17.370560
4986 17.231360
4987 17.946240
4988 17.219840
4989 17.155200
4990 17.322400
4991 17.495200
4992 17.096160
4993 17.272000
4994 17.071840
4995 17.137760
4996 17.228640
4997 17.158400
4998 17.140320
4999 17.099840
5000 17.844160
