1 0.000000
2 3.376320
3 3.211680
4 3.059840
5 2.973600
6 2.998080
7 3.193600
8 3.201440
9 3.007200
10 3.079680
11 3.031200
12 3.275840
13 3.263360
14 3.039680
15 3.060320
16 3.078720
17 3.891360
18 3.094720
19 3.021120
20 3.074240
21 3.075680
22 3.361920
23 3.069440
24 2.979040
25 3.257120
26 3.236800
27 3.232960
28 3.150400
29 3.036960
30 3.048480
31 3.386880
32 3.223040
33 3.016320
34 3.083040
35 3.062400
36 3.257120
37 3.060000
38 3.080800
39 3.124800
40 3.363040
41 3.256800
42 3.225120
43 3.067840
44 3.150400
45 3.996320
46 3.145440
47 3.028160
48 3.019840
49 3.030080
50 3.189280
51 3.004000
52 3.052480
53 3.001280
54 3.488160
55 3.351520
56 3.022080
57 2.999520
58 3.073120
59 3.270560
60 3.191360
61 3.055040
62 3.227200
63 2.971680
64 3.146720
65 3.012480
66 3.072320
67 3.161920
68 3.196480
69 3.233600
70 2.981120
71 3.062400
72 2.974080
73 3.228800
74 3.098720
75 2.991520
76 3.015520
77 3.128960
78 3.422240
79 3.009920
80 3.013920
81 2.894720
82 2.951200
83 3.164640
84 3.022240
85 2.912160
86 2.928800
87 3.159360
88 3.190880
89 3.017280
90 2.910080
91 2.883520
92 3.312640
93 3.144960
94 2.932640
95 2.966880
96 2.933600
97 3.247840
98 3.136160
99 3.019680
100 2.885920
101 3.138880
102 3.300000
103 3.195680
104 3.071840
105 3.077600
106 2.951680
107 3.195200
108 2.872160
109 2.832480
110 2.898400
111 2.932480
112 3.062400
113 2.914720
114 2.757600
115 2.594880
116 2.939360
117 3.048640
118 2.891200
119 2.924800
120 2.842560
121 2.878240
122 2.989280
123 2.898880
124 2.923360
125 2.873120
126 2.872000
127 3.032640
128 2.917760
129 2.887840
130 2.845920
131 3.008800
132 3.091200
133 2.687680
134 2.590400
135 2.843360
136 2.809280
137 3.272160
138 2.932000
139 2.803360
140 2.843520
141 2.854560
142 3.040960
143 2.758880
144 2.827520
145 2.831840
146 2.774560
147 3.063360
148 2.756960
149 2.816800
150 2.815040
151 2.857760
152 2.981760
153 2.871520
154 2.844640
155 2.859200
156 2.737600
157 2.977600
158 2.786880
159 2.887040
160 2.808000
161 2.801600
162 3.106240
163 2.971360
164 2.769120
165 2.758400
166 3.394880
167 2.913760
168 2.785280
169 2.718080
170 2.755840
171 2.781120
172 3.263840
173 3.006400
174 2.822880
175 2.763040
176 2.977600
177 2.963840
178 2.757920
179 2.977760
180 2.753280
181 2.681600
182 2.977280
183 2.771040
184 2.647200
185 2.599200
186 2.661600
187 2.998560
188 2.865120
189 2.655680
190 2.729120
191 2.639360
192 3.026400
193 2.865120
194 2.654560
195 2.668320
196 2.711680
197 2.737600
198 2.916320
199 2.784000
200 2.648480
201 2.833280
202 2.627200
203 2.863680
204 2.693920
205 2.704480
206 2.646720
207 2.666720
208 3.022880
209 2.704000
210 2.595200
211 2.690880
212 2.697440
213 2.903040
214 2.843040
215 2.653760
216 2.571520
217 2.596000
218 2.864000
219 2.817760
220 2.651520
221 2.601120
222 2.586240
223 2.600320
224 3.320800
225 2.688800
226 2.648000
227 2.649120
228 2.827200
229 2.869280
230 2.756640
231 2.572320
232 2.634880
233 2.582080
234 3.196160
235 2.879840
236 2.675680
237 2.529600
238 2.604480
239 2.508320
240 3.416000
241 2.676480
242 2.602560
243 2.595040
244 2.560000
245 3.027040
246 2.760320
247 2.599040
248 2.593440
249 2.583520
250 2.680320
251 2.840320
252 2.634080
253 2.585280
254 2.554400
255 2.626880
256 2.802080
257 2.593280
258 2.504960
259 2.602080
260 2.808800
261 2.830560
262 2.738080
263 2.578560
264 2.676320
265 2.550240
266 2.638400
267 2.789440
268 2.685280
269 2.600960
270 2.586720
271 2.515360
272 2.776480
273 2.610240
274 2.596640
275 2.624000
276 2.581600
277 2.750080
278 2.763680
279 2.680320
280 2.535200
281 2.552320
282 2.521440
283 2.711520
284 2.614560
285 2.548640
286 2.518560
287 2.477440
288 2.959840
289 2.616800
290 2.534400
291 2.537760
292 2.469760
293 2.463680
294 2.663840
295 2.498080
296 2.441280
297 2.675840
298 2.499360
299 3.283200
300 2.584320
301 2.459040
302 2.535040
303 2.480320
304 2.656320
305 2.614560
306 2.480160
307 2.473280
308 2.451520
309 2.426080
310 2.751200
311 2.640480
312 2.482880
313 2.424640
314 2.428320
315 2.389440
316 2.583840
317 2.468480
318 2.463680
319 2.472800
320 2.402880
321 2.655040
322 2.618720
323 2.421440
324 2.421440
325 2.351520
326 2.371040
327 2.544800
328 2.408640
329 2.453440
330 2.381760
331 2.403360
332 2.828480
333 2.575040
334 2.341280
335 2.367520
336 2.360800
337 2.512960
338 2.590080
339 2.490560
340 2.432800
341 2.376160
342 2.295840
343 2.287040
344 2.498240
345 2.433440
346 2.255840
347 2.274240
348 2.234240
349 2.498880
350 2.760320
351 2.488480
352 2.297600
353 2.337120
354 2.255040
355 2.299040
356 2.458080
357 2.490080
358 2.292320
359 2.253120
360 2.228160
361 2.259840
362 2.483360
363 2.428800
364 2.186080
365 2.169760
366 2.203040
367 2.195520
368 2.221440
369 2.334240
370 2.252640
371 2.183360
372 2.210880
373 2.141600
374 2.226560
375 2.336640
376 2.232160
377 2.227360
378 2.193120
379 2.142400
380 2.224160
381 2.407680
382 2.201920
383 2.167200
384 2.193920
385 2.138240
386 2.117440
387 2.329600
388 2.150080
389 2.143840
390 2.062880
391 2.088960
392 1.844960
393 1.841920
394 2.110240
395 1.850720
396 1.894240
397 1.875360
398 1.908640
399 1.994080
400 2.780800
401 2.109760
402 2.086080
403 2.045920
404 2.032640
405 1.949120
406 1.989280
407 2.228640
408 2.078240
409 2.026880
410 2.009760
411 2.005760
412 1.946880
413 2.730240
414 2.037760
415 2.000000
416 1.996320
417 1.954080
418 1.936000
419 1.896160
420 2.686880
421 2.065920
422 1.983840
423 1.956640
424 1.949280
425 2.093280
426 2.126240
427 2.113440
428 1.980480
429 1.984800
430 1.931520
431 1.957600
432 1.940320
433 2.296000
434 1.983840
435 1.947200
436 1.946720
437 1.952960
438 2.103840
439 1.942240
440 2.095680
441 2.002560
442 1.896160
443 1.942880
444 1.940000
445 1.986240
446 2.703520
447 2.008320
448 1.970880
449 1.987840
450 1.934880
451 1.934880
452 1.942560
453 2.059200
454 1.906240
455 1.951840
456 1.876960
457 1.910880
458 1.961120
459 1.888160
460 2.044000
461 1.971840
462 1.912640
463 1.883520
464 1.872480
465 1.870880
466 1.917600
467 2.024800
468 1.938080
469 1.877120
470 1.820960
471 1.911360
472 1.850560
473 1.811840
474 2.030880
475 1.875840
476 1.866080
477 1.895040
478 1.895040
479 1.896960
480 2.389920
481 1.989440
482 1.846880
483 1.898720
484 1.850880
485 1.868000
486 1.835520
487 1.842400
488 2.063360
489 1.960160
490 1.893280
491 1.870080
492 1.840160
493 1.976320
494 1.826080
495 1.973600
496 1.820480
497 1.811840
498 1.815680
499 1.785280
500 1.752640
501 1.807520
502 2.142880
503 1.835360
504 1.813760
505 1.788640
506 1.772960
507 1.769760
508 1.766560
509 1.986240
510 1.917280
511 1.754080
512 1.764160
513 1.767360
514 1.747040
515 1.797920
516 1.895360
517 2.053600
518 1.947040
519 1.786400
520 1.726880
521 1.772320
522 1.749760
523 1.774720
524 1.876160
525 1.860480
526 1.743680
527 1.736800
528 1.727200
529 1.745920
530 1.830880
531 1.792480
532 1.972960
533 1.864480
534 1.750720
535 1.745920
536 1.744800
537 1.695040
538 1.716480
539 1.873120
540 1.782240
541 1.662720
542 1.626400
543 1.721760
544 1.650880
545 1.653600
546 1.637120
547 1.748960
548 1.634080
549 1.568800
550 1.613280
551 1.594400
552 1.590400
553 1.700800
554 1.605600
555 1.702080
556 1.592000
557 1.568320
558 1.615680
559 1.577600
560 1.536480
561 1.581280
562 1.553120
563 1.651520
564 1.579840
565 1.583360
566 1.547520
567 1.557760
568 1.548000
569 1.537600
570 2.196160
571 1.558720
572 1.567200
573 1.541280
574 1.540160
575 1.503360
576 1.540320
577 1.525760
578 1.621120
579 1.507840
580 1.487680
581 1.513600
582 1.471040
583 1.506720
584 1.605760
585 1.512640
586 1.605280
587 1.542720
588 1.307040
589 1.445920
590 1.488800
591 1.474880
592 1.480480
593 1.441600
594 1.580480
595 1.479360
596 1.480800
597 1.463040
598 1.458880
599 1.411680
600 1.441440
601 1.432640
602 1.535520
603 1.430880
604 1.414720
605 1.429920
606 1.379840
607 1.399360
608 1.390240
609 1.374400
610 1.368320
611 2.307520
612 1.455360
613 1.404960
614 1.408000
615 1.372000
616 1.374400
617 1.394400
618 1.407840
619 1.609600
620 1.443680
621 1.399040
622 1.368000
623 1.359200
624 1.384800
625 1.310720
626 1.308960
627 1.352480
628 1.461120
629 1.325920
630 1.308160
631 1.310400
632 1.320960
633 1.340000
634 1.323360
635 1.355840
636 1.431520
637 1.341920
638 1.340480
639 1.342240
640 1.296320
641 1.325440
642 1.302720
643 1.275360
644 1.313120
645 1.263520
646 1.420640
647 1.334400
648 1.294880
649 1.280640
650 1.299360
651 1.278400
652 1.269120
653 1.374080
654 1.726400
655 1.381280
656 1.279040
657 1.279680
658 1.317280
659 1.283200
660 1.275520
661 1.264160
662 1.255360
663 1.286720
664 1.442400
665 1.346560
666 1.279360
667 1.260480
668 1.256320
669 1.250880
670 1.245120
671 1.249760
672 1.235200
673 1.469600
674 1.351520
675 1.274400
676 1.266400
677 1.252800
678 1.260000
679 1.261600
680 1.234400
681 1.237440
682 1.520000
683 1.332160
684 1.274240
685 1.244960
686 1.241280
687 1.243840
688 1.241120
689 1.258400
690 1.240480
691 1.247840
692 1.237440
693 1.321440
694 1.235680
695 1.246560
696 1.253120
697 1.248640
698 1.240320
699 1.246400
700 1.326560
701 1.240160
702 1.238560
703 1.331840
704 1.255040
705 1.246080
706 1.266080
707 1.244000
708 1.238240
709 1.253120
710 1.240800
711 1.350720
712 1.336960
713 1.259360
714 1.238720
715 1.248960
716 1.274720
717 1.262400
718 1.238720
719 1.247040
720 1.250720
721 1.259040
722 1.338400
723 1.264160
724 1.247520
725 1.244960
726 1.254080
727 1.248640
728 1.252480
729 1.346240
730 1.264480
731 1.260480
732 1.330400
733 1.246080
734 1.246400
735 1.243840
736 1.240160
737 1.243680
738 1.239520
739 1.241600
740 1.235360
741 1.070080
742 1.351840
743 1.255040
744 1.252800
745 1.252960
746 1.250400
747 1.258240
748 1.249280
749 1.247200
750 1.245440
751 1.427680
752 1.354080
753 1.262560
754 1.248640
755 1.260800
756 1.255680
757 1.084480
758 1.084960
759 1.240160
760 1.238080
761 1.249280
762 1.340320
763 1.254080
764 1.256480
765 1.245120
766 1.248160
767 1.289600
768 1.244800
769 1.248640
770 1.452480
771 1.349760
772 1.120320
773 1.302720
774 1.315040
775 1.314560
776 1.282080
777 1.250560
778 1.252000
779 1.259040
780 1.358240
781 1.294560
782 1.263360
783 1.255680
784 1.253600
785 1.254720
786 1.099040
787 1.259200
788 1.265440
789 1.261920
790 1.439680
791 1.346880
792 1.257440
793 1.258240
794 1.261440
795 1.252640
796 1.255360
797 1.257760
798 1.109440
799 1.260320
800 1.357120
801 1.269760
802 1.266880
803 1.254720
804 1.266720
805 1.263520
806 1.257760
807 1.269280
808 1.264960
809 1.261760
810 1.363360
811 1.272960
812 1.263360
813 1.261920
814 1.266400
815 1.263680
816 1.259840
817 1.269120
818 1.491040
819 1.361120
820 1.129120
821 1.269920
822 1.277600
823 1.263520
824 1.270720
825 1.268160
826 1.272480
827 1.264800
828 1.373920
829 1.281920
830 1.270720
831 1.274560
832 1.277920
833 1.273440
834 1.279840
835 1.278880
836 1.284000
837 1.475360
838 1.375520
839 1.282400
840 1.289600
841 1.282240
842 1.279520
843 1.280800
844 1.286720
845 1.286400
846 1.381120
847 1.239520
848 1.286400
849 1.300000
850 1.286400
851 1.283040
852 1.292320
853 1.285600
854 1.305120
855 1.306240
856 1.304480
857 1.405920
858 1.326400
859 1.309120
860 1.323520
861 1.313760
862 1.322400
863 1.320960
864 1.422560
865 1.320160
866 1.504480
867 1.419360
868 1.338080
869 1.332800
870 1.340960
871 1.324000
872 1.322560
873 1.322240
874 1.326880
875 1.327360
876 1.434720
877 1.331840
878 1.344960
879 1.333280
880 1.343840
881 1.329920
882 1.244320
883 1.334720
884 1.336480
885 1.948800
886 1.358080
887 1.346720
888 1.352640
889 1.351520
890 1.353280
891 1.347040
892 1.350240
893 1.347360
894 1.455680
895 1.358400
896 1.509920
897 1.364000
898 1.404480
899 1.412320
900 1.417120
901 1.416640
902 1.524320
903 1.414880
904 1.418080
905 1.428800
906 1.419040
907 1.439360
908 1.450560
909 1.484800
910 1.662720
911 1.572640
912 1.466560
913 1.464320
914 1.461280
915 1.470240
916 1.478560
917 1.462400
918 1.461920
919 1.567680
920 1.470240
921 1.470240
922 1.467040
923 1.481600
924 1.466400
925 1.464800
926 1.449440
927 1.559360
928 1.441120
929 1.451040
930 1.442720
931 1.446400
932 1.449600
933 1.450240
934 1.435520
935 1.706720
936 1.539840
937 1.449920
938 1.427200
939 1.418240
940 1.422400
941 1.368480
942 1.368800
943 1.268000
944 1.367680
945 1.449920
946 1.363200
947 1.353120
948 1.353280
949 1.346240
950 1.355840
951 1.348960
952 1.346560
953 1.337120
954 1.424640
955 1.338880
956 1.328160
957 1.320000
958 1.745280
959 1.374720
960 1.324000
961 1.311680
962 1.314560
963 1.496640
964 1.386880
965 1.322240
966 1.177120
967 1.176800
968 1.181920
969 1.257280
970 1.184640
971 1.183040
972 1.183360
973 1.351200
974 1.389440
975 1.153920
976 1.149280
977 1.145920
978 1.139200
979 1.136960
980 1.128800
981 1.139200
982 1.128160
983 1.140160
984 1.221280
985 1.142880
986 1.145920
987 1.136960
988 1.129440
989 1.129280
990 1.112800
991 1.195680
992 1.118240
993 1.112320
994 1.185440
995 1.097920
996 1.139520
997 1.104640
998 1.107040
999 1.099040
1000 1.098400
1001 1.098880
1002 1.043520
1003 1.038240
1004 1.040000
1005 1.112160
1006 1.038880
1007 1.037440
1008 1.040640
1009 1.039680
1010 1.101440
1011 1.037600
1012 1.033120
1013 1.028000
1014 1.031360
1015 1.096160
1016 1.090240
1017 1.027200
1018 1.021600
1019 1.035200
1020 1.024000
1021 1.023200
1022 1.025280
1023 1.021760
1024 1.105600
1025 1.043200
1026 1.040320
1027 1.102880
1028 1.039200
1029 1.035840
1030 1.040160
1031 1.035360
1032 1.030880
1033 1.034880
1034 1.037280
1035 1.040160
1036 1.039520
1037 1.038080
1038 1.106720
1039 1.038400
1040 1.045280
1041 1.034880
1042 1.045440
1043 1.045120
1044 1.044960
1045 1.115680
1046 1.044960
1047 1.041760
1048 1.048160
1049 1.129920
1050 1.070240
1051 1.066080
1052 1.064960
1053 1.079680
1054 1.066880
1055 1.069280
1056 1.070880
1057 1.070720
1058 1.068960
1059 1.077760
1060 1.145440
1061 1.077280
1062 1.072640
1063 1.074080
1064 1.079040
1065 1.080960
1066 1.070080
1067 1.076800
1068 1.075360
1069 1.079360
1070 1.286080
1071 1.161760
1072 1.094400
1073 1.091520
1074 1.098720
1075 1.096800
1076 1.104480
1077 1.104160
1078 1.108000
1079 1.101920
1080 1.106880
1081 1.100000
1082 1.177600
1083 1.101920
1084 1.106560
1085 1.163360
1086 1.160480
1087 1.165280
1088 1.159360
1089 1.168480
1090 1.160480
1091 1.187680
1092 1.257920
1093 1.193120
1094 1.202880
1095 1.199520
1096 1.207040
1097 1.198240
1098 1.206880
1099 1.201280
1100 1.217120
1101 1.198400
1102 1.372000
1103 1.283360
1104 1.203200
1105 1.214880
1106 1.205280
1107 1.224160
1108 1.221120
1109 1.215360
1110 1.234880
1111 1.241120
1112 1.418560
1113 1.310080
1114 1.231200
1115 1.231360
1116 1.235200
1117 1.230560
1118 1.235680
1119 1.245760
1120 1.235360
1121 1.229440
1122 1.235360
1123 1.319040
1124 1.238240
1125 1.250080
1126 1.251680
1127 1.257280
1128 1.259040
1129 1.267200
1130 1.267840
1131 1.271360
1132 1.264800
1133 1.504000
1134 1.356480
1135 1.276320
1136 1.289600
1137 1.276640
1138 1.286240
1139 1.287520
1140 1.325440
1141 1.297120
1142 1.295840
1143 1.490880
1144 1.389120
1145 1.306720
1146 1.307040
1147 1.311840
1148 1.318720
1149 1.321440
1150 1.318400
1151 1.320960
1152 1.621280
1153 1.383520
1154 1.336480
1155 1.337600
1156 1.341280
1157 1.345920
1158 1.336800
1159 1.323520
1160 1.328640
1161 1.507680
1162 1.400960
1163 1.328480
1164 1.315840
1165 1.515040
1166 1.520800
1167 1.515040
1168 1.521120
1169 1.514400
1170 1.720960
1171 1.630400
1172 1.528960
1173 1.525280
1174 1.530720
1175 1.522880
1176 1.524320
1177 1.525920
1178 1.525280
1179 1.624800
1180 1.523840
1181 1.518880
1182 1.520480
1183 1.522080
1184 1.517440
1185 1.525760
1186 1.522880
1187 1.768960
1188 1.631680
1189 1.527200
1190 1.536960
1191 1.528160
1192 1.532640
1193 1.524160
1194 1.629440
1195 1.743520
1196 1.629120
1197 1.539040
1198 1.535680
1199 1.530880
1200 1.531840
1201 1.528480
1202 1.524800
1203 1.529280
1204 1.629920
1205 1.532160
1206 1.540320
1207 1.532960
1208 1.541600
1209 1.635200
1210 1.543360
1211 1.531520
1212 1.628320
1213 1.540480
1214 1.544800
1215 1.528320
1216 1.544640
1217 1.534080
1218 1.533920
1219 1.529760
1220 1.640800
1221 1.542080
1222 1.550560
1223 1.532640
1224 1.538400
1225 1.539040
1226 1.540800
1227 1.541280
1228 1.750880
1229 1.635040
1230 1.541920
1231 1.548320
1232 1.551520
1233 1.543520
1234 1.543840
1235 1.553600
1236 1.540000
1237 1.634080
1238 1.551360
1239 1.556000
1240 1.559200
1241 1.544800
1242 1.544960
1243 1.546560
1244 1.550080
1245 1.641120
1246 1.561120
1247 1.554080
1248 1.565600
1249 1.564640
1250 1.558880
1251 1.547040
1252 1.557440
1253 1.665760
1254 1.558080
1255 1.554720
1256 1.604480
1257 1.618080
1258 1.611200
1259 1.622880
1260 1.844000
1261 1.716160
1262 1.609920
1263 1.635520
1264 1.632960
1265 1.627200
1266 1.626720
1267 1.632320
1268 1.627840
1269 1.742240
1270 1.651520
1271 1.647040
1272 1.645280
1273 1.626400
1274 1.624480
1275 1.638240
1276 1.635520
1277 1.770080
1278 1.656000
1279 1.645600
1280 1.653600
1281 1.659840
1282 1.672800
1283 1.668480
1284 1.673600
1285 1.911680
1286 1.792640
1287 1.794240
1288 1.792480
1289 1.790400
1290 1.797120
1291 1.802880
1292 1.977920
1293 1.913760
1294 1.778400
1295 1.782240
1296 1.785440
1297 1.796640
1298 1.803200
1299 1.996160
1300 1.920480
1301 1.805440
1302 1.810240
1303 1.817120
1304 1.801280
1305 1.808480
1306 1.808160
1307 1.925600
1308 1.813600
1309 1.814880
1310 1.813760
1311 1.830720
1312 1.825280
1313 1.819680
1314 2.033600
1315 1.960960
1316 1.862720
1317 1.816640
1318 1.821440
1319 1.815840
1320 1.808640
1321 1.819520
1322 1.939680
1323 1.830880
1324 1.828000
1325 1.818080
1326 1.820800
1327 1.821120
1328 1.844640
1329 1.955680
1330 1.841280
1331 1.832800
1332 1.842240
1333 1.832000
1334 1.851680
1335 1.832320
1336 2.037920
1337 1.963840
1338 1.836480
1339 1.845440
1340 1.830720
1341 1.847360
1342 1.887520
1343 1.972000
1344 1.973120
1345 1.848480
1346 1.870080
1347 1.867040
1348 1.856160
1349 1.854560
1350 1.867520
1351 2.076480
1352 1.936320
1353 1.859040
1354 1.948000
1355 1.873120
1356 1.870400
1357 1.870240
1358 2.072800
1359 1.943520
1360 1.942080
1361 1.983520
1362 2.051520
1363 2.019680
1364 2.245120
1365 2.187360
1366 2.062080
1367 2.054720
1368 2.070400
1369 2.072960
1370 2.117440
1371 2.344000
1372 2.249120
1373 2.113280
1374 2.114240
1375 2.132160
1376 2.138400
1377 2.135360
1378 3.113920
1379 2.133600
1380 2.143680
1381 2.113920
1382 2.136000
1383 2.133600
1384 2.311840
1385 2.317120
1386 2.167840
1387 2.161280
1388 2.324800
1389 2.161920
1390 2.187680
1391 2.303520
1392 2.198080
1393 2.168160
1394 2.327680
1395 2.182720
1396 2.327360
1397 2.323360
1398 2.181280
1399 2.233920
1400 2.176480
1401 2.188640
1402 2.179040
1403 2.481440
1404 2.361440
1405 2.230400
1406 2.212960
1407 2.249600
1408 2.285440
1409 2.465280
1410 2.408960
1411 2.259040
1412 2.272640
1413 2.247040
1414 2.339840
1415 2.479520
1416 2.446080
1417 2.326720
1418 2.286560
1419 2.265760
1420 2.315680
1421 2.519840
1422 2.490880
1423 2.361440
1424 2.364160
1425 2.349440
1426 2.351680
1427 2.562560
1428 2.548000
1429 2.369600
1430 2.381280
1431 2.346560
1432 2.402400
1433 2.576320
1434 2.559040
1435 2.427040
1436 2.589120
1437 2.435040
1438 2.399680
1439 2.812800
1440 2.610720
1441 2.450720
1442 2.435840
1443 2.451040
1444 2.450400
1445 3.487200
1446 2.469120
1447 2.495360
1448 2.482400
1449 2.476480
1450 2.467840
1451 2.653600
1452 2.494240
1453 2.539840
1454 2.481440
1455 2.495360
1456 2.754240
1457 2.683360
1458 2.530880
1459 2.492160
1460 2.532000
1461 2.732480
1462 2.708000
1463 2.613920
1464 2.538560
1465 2.549120
1466 2.566240
1467 2.716640
1468 2.563520
1469 2.543040
1470 2.737120
1471 2.602080
1472 2.765440
1473 2.697760
1474 2.600800
1475 2.760320
1476 2.628480
1477 2.568800
1478 2.770880
1479 2.638720
1480 2.651040
1481 2.592480
1482 2.623040
1483 2.868160
1484 2.796640
1485 2.661600
1486 2.689440
1487 2.669280
1488 2.999200
1489 2.801920
1490 2.705280
1491 2.676960
1492 2.634560
1493 2.965760
1494 2.888800
1495 2.709440
1496 2.655360
1497 2.657760
1498 3.794080
1499 2.773600
1500 2.704960
1501 2.696480
1502 2.696480
1503 3.445120
1504 2.765920
1505 2.727200
1506 2.846080
1507 2.805280
1508 3.922880
1509 2.851360
1510 2.837600
1511 2.793760
1512 2.823680
1513 2.998720
1514 2.852960
1515 2.869120
1516 2.834720
1517 2.781760
1518 2.996800
1519 2.843840
1520 2.865760
1521 2.833600
1522 2.863040
1523 3.160000
1524 2.819840
1525 2.806400
1526 2.816320
1527 2.809600
1528 3.507680
1529 2.916160
1530 2.859200
1531 2.836000
1532 2.830240
1533 3.271200
1534 2.876800
1535 2.908160
1536 2.871040
1537 2.854240
1538 2.996640
1539 2.899360
1540 2.887840
1541 2.876960
1542 3.035200
1543 3.054400
1544 2.930400
1545 2.867200
1546 2.936800
1547 3.060960
1548 3.053920
1549 2.890880
1550 2.904160
1551 2.882400
1552 3.235520
1553 3.077120
1554 2.915200
1555 2.894720
1556 2.900000
1557 3.387840
1558 3.093120
1559 2.930400
1560 2.940480
1561 2.898880
1562 3.201280
1563 3.125440
1564 2.951680
1565 2.961760
1566 3.127680
1567 3.130080
1568 2.993600
1569 2.955200
1570 2.983680
1571 2.984320
1572 3.174240
1573 3.002880
1574 2.974400
1575 2.975840
1576 3.207360
1577 3.252800
1578 3.084480
1579 3.072000
1580 3.096480
1581 3.441760
1582 3.261760
1583 3.098880
1584 3.073600
1585 3.328800
1586 3.279360
1587 3.168000
1588 3.144960
1589 3.716960
1590 3.472800
1591 3.316800
1592 3.148320
1593 3.146720
1594 3.363200
1595 3.555840
1596 3.217600
1597 3.153600
1598 3.183520
1599 3.442240
1600 3.424000
1601 3.233760
1602 3.234880
1603 3.383200
1604 3.392480
1605 3.262240
1606 3.222240
1607 3.213920
1608 3.662720
1609 3.396000
1610 3.224640
1611 3.228960
1612 3.492320
1613 3.449280
1614 3.280640
1615 3.269760
1616 3.252960
1617 3.626560
1618 3.473440
1619 3.291040
1620 3.290240
1621 3.464960
1622 3.492160
1623 3.246080
1624 3.280160
1625 3.507520
1626 3.501120
1627 3.497600
1628 3.258240
1629 3.537440
1630 3.476640
1631 3.309280
1632 3.345120
1633 3.286240
1634 3.516320
1635 3.346720
1636 3.413120
1637 3.379360
1638 3.742080
1639 3.593120
1640 3.413280
1641 3.387200
1642 3.850240
1643 3.605760
1644 3.420640
1645 3.463200
1646 3.805760
1647 3.609920
1648 3.488640
1649 3.539520
1650 3.805280
1651 3.745280
1652 3.557600
1653 3.545600
1654 4.800640
1655 4.641600
1656 4.337600
1657 4.648800
1658 4.647680
1659 4.403360
1660 4.848800
1661 4.619520
1662 4.416480
1663 4.399840
1664 4.806080
1665 4.675680
1666 4.507200
1667 4.682080
1668 4.727200
1669 4.470080
1670 4.643840
1671 4.721760
1672 4.715200
1673 4.416480
1674 4.747680
1675 4.466720
1676 4.490560
1677 4.912800
1678 4.759520
1679 4.716640
1680 4.847520
1681 4.678080
1682 4.744160
1683 4.731200
1684 4.794400
1685 4.491520
1686 4.642720
1687 4.787840
1688 4.549600
1689 4.533120
1690 5.282720
1691 4.519520
1692 4.532320
1693 4.856320
1694 4.828640
1695 4.573280
1696 4.878080
1697 4.899840
1698 4.652160
1699 4.789120
1700 4.959840
1701 4.717120
1702 4.850240
1703 4.944000
1704 4.685760
1705 4.688000
1706 4.971840
1707 4.766240
1708 4.735840
1709 5.632480
1710 4.743360
1711 4.758560
1712 5.218880
1713 5.029760
1714 4.786080
1715 5.106400
1716 4.962240
1717 5.063520
1718 5.243200
1719 5.035040
1720 4.820320
1721 5.191520
1722 5.078880
1723 4.804640
1724 5.234240
1725 5.124640
1726 4.837440
1727 5.252960
1728 5.161120
1729 4.902240
1730 5.145440
1731 4.925280
1732 4.909920
1733 5.300960
1734 4.918560
1735 4.922080
1736 5.148160
1737 4.979840
1738 5.013920
1739 5.308480
1740 4.976000
1741 5.012000
1742 5.272960
1743 5.068640
1744 5.167360
1745 5.386880
1746 5.125280
1747 5.530560
1748 5.367680
1749 5.374560
1750 5.325600
1751 5.290400
1752 5.136160
1753 5.365600
1754 5.355040
1755 5.220960
1756 5.423200
1757 5.510880
1758 5.230720
1759 6.156160
1760 5.492960
1761 5.315200
1762 5.484800
1763 5.483360
1764 5.455840
1765 5.460640
1766 5.233760
1767 5.550560
1768 5.665440
1769 5.186240
1770 5.666240
1771 5.553600
1772 5.378880
1773 5.587360
1774 5.378080
1775 5.608000
1776 5.579360
1777 5.355040
1778 5.590880
1779 5.552960
1780 5.291200
1781 5.646240
1782 5.622400
1783 5.356960
1784 6.193280
1785 5.726560
1786 5.591040
1787 5.569280
1788 5.365920
1789 5.822080
1790 5.671360
1791 5.497120
1792 6.478560
1793 5.511360
1794 5.680320
1795 5.692800
1796 5.706720
1797 5.762560
1798 5.671840
1799 5.914560
1800 5.798720
1801 5.576000
1802 5.705600
1803 5.953920
1804 5.515200
1805 5.866880
1806 5.849120
1807 5.609920
1808 5.870240
1809 5.735840
1810 5.807200
1811 5.854080
1812 5.625920
1813 6.018240
1814 6.038080
1815 5.895840
1816 5.991680
1817 5.691360
1818 6.200000
1819 5.997120
1820 5.739680
1821 6.238880
1822 5.690400
1823 6.092640
1824 6.098400
1825 6.005920
1826 6.143040
1827 6.140320
1828 5.965760
1829 6.127840
1830 5.776000
1831 6.334400
1832 6.133760
1833 6.104480
1834 6.215840
1835 5.987520
1836 6.351040
1837 6.425440
1838 6.168800
1839 6.241440
1840 6.100800
1841 6.605920
1842 6.382560
1843 6.319520
1844 6.409600
1845 6.163200
1846 6.313600
1847 6.271520
1848 6.417280
1849 6.475040
1850 6.414080
1851 6.446400
1852 6.232160
1853 6.562080
1854 6.501120
1855 6.548000
1856 6.609440
1857 6.111200
1858 6.621120
1859 6.136000
1860 6.703200
1861 6.503680
1862 6.519040
1863 6.613920
1864 6.380480
1865 7.176480
1866 6.481440
1867 6.793440
1868 6.697920
1869 6.504480
1870 6.678720
1871 6.240160
1872 6.663680
1873 6.638080
1874 6.578080
1875 6.716000
1876 6.540480
1877 6.768480
1878 6.761280
1879 6.967040
1880 6.669760
1881 6.829600
1882 6.932000
1883 6.699840
1884 6.606080
1885 6.583680
1886 6.760320
1887 6.331360
1888 6.803200
1889 6.931040
1890 6.699840
1891 6.703360
1892 6.152960
1893 6.664800
1894 6.479040
1895 6.641600
1896 6.793440
1897 6.590240
1898 6.655520
1899 6.259520
1900 6.660640
1901 6.467360
1902 6.716160
1903 6.615680
1904 6.735840
1905 6.761760
1906 6.372320
1907 6.818880
1908 6.408000
1909 7.002560
1910 6.897280
1911 6.850240
1912 6.638880
1913 7.184800
1914 6.784000
1915 6.673280
1916 6.875360
1917 6.447040
1918 7.131360
1919 6.850400
1920 6.830880
1921 6.885280
1922 6.804480
1923 7.026880
1924 6.443840
1925 6.794080
1926 6.504160
1927 6.932640
1928 6.897760
1929 7.040320
1930 6.981920
1931 6.746080
1932 6.891360
1933 6.539200
1934 6.917120
1935 6.706240
1936 7.118720
1937 6.978880
1938 6.805600
1939 6.965920
1940 6.914400
1941 7.047200
1942 6.793920
1943 6.945760
1944 6.602560
1945 7.122720
1946 6.909600
1947 7.216320
1948 7.032640
1949 6.915520
1950 6.887840
1951 7.092960
1952 7.145760
1953 6.804000
1954 7.817760
1955 6.729760
1956 6.973600
1957 7.033440
1958 6.969920
1959 7.073760
1960 6.906560
1961 6.985280
1962 6.598400
1963 7.021760
1964 6.661440
1965 7.298720
1966 7.080800
1967 7.107040
1968 6.994400
1969 7.124800
1970 6.923200
1971 6.954080
1972 7.080800
1973 6.515680
1974 7.509120
1975 6.639040
1976 7.088480
1977 6.932480
1978 6.915360
1979 7.036320
1980 6.931680
1981 7.005440
1982 6.599680
1983 7.033120
1984 6.689440
1985 7.174240
1986 6.901920
1987 6.867200
1988 7.005280
1989 7.140480
1990 6.938880
1991 6.602720
1992 7.000320
1993 6.911840
1994 7.227360
1995 6.863360
1996 6.954720
1997 6.787680
1998 6.925760
1999 6.825920
2000 6.714080
2001 6.948800
2002 6.472640
2003 7.005600
2004 6.961600
2005 6.848000
2006 6.878400
2007 6.614240
2008 6.804480
2009 6.776640
2010 6.744000
2011 6.353920
2012 6.701120
2013 6.809760
2014 6.553920
2015 6.762880
2016 6.398400
2017 6.575360
2018 6.263680
2019 6.840960
2020 6.698880
2021 6.661280
2022 6.567680
2023 6.195840
2024 6.637600
2025 6.404640
2026 6.798560
2027 6.633440
2028 6.583520
2029 6.561600
2030 6.296320
2031 6.547040
2032 6.265280
2033 6.598880
2034 6.512640
2035 6.363520
2036 6.426560
2037 6.091520
2038 6.480480
2039 6.327840
2040 6.682560
2041 6.307520
2042 5.861760
2043 6.352000
2044 6.427520
2045 6.323520
2046 6.202240
2047 5.983520
2048 6.814720
2049 5.877280
2050 6.253600
2051 6.177920
2052 5.799200
2053 6.532000
2054 5.988640
2055 5.930560
2056 6.086240
2057 5.705280
2058 6.266240
2059 6.151200
2060 5.871360
2061 6.146240
2062 5.797440
2063 6.032480
2064 6.135200
2065 5.543040
2066 6.074080
2067 5.822400
2068 5.966080
2069 5.994240
2070 5.628480
2071 6.212640
2072 5.865920
2073 6.086720
2074 5.880640
2075 5.563360
2076 5.996160
2077 5.997440
2078 5.698080
2079 5.815840
2080 5.600160
2081 5.932480
2082 6.059840
2083 5.644640
2084 5.987680
2085 5.854240
2086 5.724160
2087 5.914880
2088 5.582400
2089 5.952480
2090 5.861440
2091 5.872320
2092 6.115840
2093 5.950400
2094 5.572320
2095 5.840160
2096 5.443520
2097 5.837600
2098 5.707040
2099 5.422400
2100 5.917920
2101 5.731200
2102 5.274080
2103 5.670720
2104 5.376800
2105 5.581760
2106 5.730080
2107 5.218560
2108 5.687360
2109 5.680480
2110 5.400000
2111 6.132960
2112 5.342240
2113 5.903200
2114 5.691200
2115 5.411680
2116 5.645120
2117 5.761600
2118 5.267040
2119 5.590400
2120 5.783200
2121 5.343520
2122 6.111840
2123 5.199360
2124 5.282720
2125 5.680960
2126 5.219200
2127 5.496320
2128 5.459040
2129 5.313440
2130 5.521120
2131 5.566080
2132 5.188480
2133 5.613120
2134 5.477120
2135 5.257280
2136 6.024480
2137 5.253920
2138 5.122560
2139 5.406560
2140 4.981120
2141 5.112960
2142 5.379840
2143 5.163360
2144 5.187680
2145 5.363200
2146 5.043680
2147 5.513280
2148 5.335040
2149 4.920480
2150 5.144160
2151 5.247840
2152 4.858880
2153 5.339360
2154 5.309920
2155 4.930560
2156 4.931360
2157 5.154720
2158 4.887520
2159 5.128160
2160 5.090080
2161 4.612480
2162 4.808320
2163 5.006720
2164 4.885120
2165 5.027840
2166 5.057600
2167 4.700640
2168 4.699840
2169 5.023680
2170 5.107360
2171 4.772640
2172 5.132800
2173 4.709120
2174 4.778880
2175 5.072640
2176 4.701600
2177 4.731680
2178 5.819840
2179 4.613440
2180 4.600960
2181 5.140320
2182 4.893920
2183 4.786560
2184 4.936640
2185 4.957760
2186 5.112480
2187 5.111520
2188 4.830240
2189 4.522880
2190 4.757120
2191 4.750400
2192 4.571040
2193 4.366240
2194 4.798880
2195 4.502720
2196 4.456960
2197 4.977280
2198 4.469120
2199 4.439840
2200 4.747040
2201 4.781280
2202 4.460160
2203 4.796800
2204 4.695040
2205 4.357920
2206 4.291200
2207 4.657600
2208 4.426560
2209 4.266080
2210 4.772960
2211 4.696960
2212 4.322880
2213 4.564640
2214 4.598400
2215 4.243520
2216 4.377120
2217 4.574560
2218 4.234880
2219 4.206400
2220 4.655200
2221 4.598240
2222 4.232800
2223 4.249760
2224 4.461440
2225 4.138400
2226 4.092160
2227 4.538080
2228 4.427520
2229 4.309280
2230 4.624640
2231 4.429120
2232 4.020480
2233 4.117120
2234 4.321120
2235 4.319360
2236 4.128000
2237 4.008320
2238 4.309600
2239 3.958240
2240 3.943520
2241 4.091520
2242 4.162720
2243 4.208800
2244 4.005760
2245 4.980320
2246 3.917760
2247 3.939520
2248 3.703680
2249 4.063680
2250 3.843520
2251 3.867840
2252 4.220000
2253 4.032160
2254 3.736480
2255 3.817920
2256 4.292160
2257 3.944800
2258 3.785440
2259 3.726720
2260 4.109280
2261 4.021600
2262 3.796800
2263 3.878080
2264 4.088480
2265 3.837760
2266 3.801120
2267 3.658400
2268 3.917120
2269 3.751840
2270 3.664480
2271 3.646560
2272 3.994720
2273 3.767200
2274 3.668800
2275 3.913280
2276 3.950720
2277 3.716480
2278 3.692640
2279 3.984480
2280 3.998080
2281 3.617120
2282 3.646560
2283 3.959040
2284 3.990400
2285 3.711200
2286 3.707840
2287 3.962880
2288 4.058400
2289 3.670880
2290 3.694240
2291 4.117120
2292 3.957600
2293 3.624000
2294 3.604800
2295 4.201440
2296 3.945440
2297 3.734080
2298 3.721280
2299 3.944480
2300 3.859520
2301 3.595840
2302 3.811520
2303 3.921760
2304 3.884160
2305 3.673120
2306 3.646880
2307 3.888480
2308 3.852960
2309 3.616000
2310 3.650240
2311 4.098400
2312 3.839520
2313 3.640480
2314 3.600640
2315 3.882720
2316 3.975040
2317 3.627840
2318 3.656000
2319 3.833920
2320 3.559680
2321 3.554240
2322 3.561280
2323 4.080160
2324 3.672800
2325 3.490880
2326 3.601120
2327 3.886400
2328 3.726880
2329 3.482400
2330 3.472480
2331 3.705760
2332 3.558560
2333 3.516480
2334 3.390560
2335 3.699680
2336 3.711680
2337 3.472480
2338 3.351680
2339 4.531200
2340 3.417600
2341 3.418880
2342 3.380000
2343 3.825120
2344 3.614080
2345 3.336640
2346 3.349280
2347 3.727520
2348 3.598400
2349 3.525920
2350 3.444000
2351 3.824000
2352 3.604960
2353 3.433440
2354 3.232480
2355 3.452160
2356 3.668160
2357 3.292160
2358 3.334080
2359 3.281600
2360 3.530080
2361 3.530720
2362 3.336960
2363 3.238240
2364 3.493440
2365 3.459520
2366 3.281920
2367 3.383360
2368 3.222400
2369 3.389920
2370 3.225920
2371 3.295840
2372 3.183520
2373 3.502240
2374 3.436960
2375 3.220800
2376 3.273120
2377 3.152480
2378 3.417920
2379 3.215040
2380 3.166400
2381 3.233920
2382 3.381440
2383 3.573600
2384 3.217280
2385 3.075680
2386 3.063200
2387 3.457440
2388 3.197760
2389 3.090080
2390 3.080960
2391 3.405440
2392 3.506080
2393 3.215520
2394 3.135520
2395 3.128480
2396 3.443840
2397 3.294240
2398 3.085760
2399 3.154400
2400 3.488480
2401 3.368000
2402 3.140960
2403 3.039040
2404 3.123360
2405 3.383200
2406 3.168480
2407 3.140640
2408 3.075840
2409 3.203040
2410 3.356320
2411 3.117920
2412 3.088960
2413 3.130560
2414 3.306400
2415 3.141120
2416 3.012800
2417 3.046880
2418 3.449600
2419 3.340160
2420 3.055200
2421 3.062720
2422 3.087040
2423 3.302400
2424 3.081280
2425 3.055200
2426 3.084800
2427 3.493760
2428 3.289120
2429 3.040480
2430 2.978240
2431 3.020160
2432 3.902560
2433 3.166400
2434 3.114880
2435 3.299840
2436 3.274880
2437 3.379520
2438 3.059520
2439 3.111200
2440 3.674080
2441 3.516000
2442 3.005600
2443 3.083840
2444 3.076640
2445 3.215040
2446 3.337120
2447 3.121600
2448 3.220000
2449 3.441440
2450 3.831200
2451 3.147680
2452 3.150240
2453 3.040960
2454 3.081920
2455 3.236960
2456 3.134560
2457 3.132480
2458 3.200640
2459 3.917280
2460 3.126560
2461 3.185920
2462 3.147200
2463 3.444640
2464 3.261280
2465 3.156640
2466 3.117120
2467 3.041600
2468 3.302560
2469 3.172800
2470 3.109760
2471 3.156640
2472 3.438080
2473 3.239840
2474 3.070720
2475 3.163840
2476 3.306240
2477 3.322880
2478 3.018400
2479 3.076000
2480 3.051200
2481 3.358560
2482 3.293920
2483 3.078720
2484 3.056320
2485 3.086560
2486 3.395040
2487 3.127040
2488 3.056320
2489 3.004320
2490 3.559200
2491 3.347680
2492 3.120480
2493 3.057600
2494 3.034720
2495 3.544960
2496 3.285440
2497 3.126240
2498 3.106080
2499 3.072320
2500 3.180480
2501 3.009600
2502 3.023520
2503 3.079040
2504 3.210560
2505 3.238400
2506 3.086080
2507 3.042240
2508 3.074720
2509 3.417600
2510 3.257600
2511 3.039040
2512 2.981920
2513 3.230720
2514 3.287680
2515 3.098880
2516 3.158560
2517 3.037440
2518 3.226080
2519 3.127680
2520 2.936480
2521 2.979520
2522 3.105600
2523 3.250720
2524 3.191200
2525 2.951360
2526 2.977280
2527 2.942560
2528 3.988480
2529 2.963040
2530 2.945600
2531 2.907840
2532 2.897120
2533 3.137600
2534 2.960000
2535 2.950560
2536 2.884800
2537 2.901600
2538 3.050720
2539 2.984000
2540 2.865440
2541 2.873280
2542 2.807360
2543 3.156800
2544 2.792960
2545 2.885920
2546 2.863360
2547 3.049280
2548 3.058880
2549 2.808640
2550 2.810400
2551 2.794400
2552 3.142240
2553 3.094240
2554 2.785920
2555 2.836000
2556 2.897120
2557 3.203680
2558 2.857280
2559 2.764480
2560 2.834400
2561 2.720160
2562 2.714880
2563 2.826560
2564 2.747040
2565 2.767680
2566 2.871680
2567 2.712640
2568 2.851840
2569 2.686080
2570 2.702720
2571 2.691200
2572 2.665600
2573 2.876640
2574 2.697920
2575 2.727040
2576 2.675680
2577 2.702400
2578 2.920000
2579 2.744320
2580 2.782880
2581 2.662080
2582 2.653120
2583 3.270880
2584 3.096800
2585 2.652000
2586 2.664160
2587 2.635360
2588 2.951200
2589 2.828000
2590 2.639360
2591 2.643200
2592 2.614560
2593 2.897600
2594 2.811520
2595 2.715520
2596 2.643520
2597 2.590880
2598 2.682880
2599 2.793600
2600 2.582400
2601 2.692640
2602 2.644480
2603 2.651840
2604 2.792320
2605 2.737280
2606 2.674240
2607 2.581440
2608 2.584800
2609 3.267520
2610 2.607040
2611 2.574880
2612 2.587680
2613 3.110080
2614 2.829920
2615 2.728960
2616 2.592000
2617 2.574720
2618 2.563680
2619 2.862240
2620 2.747200
2621 2.613440
2622 2.525920
2623 2.584160
2624 2.602880
2625 2.726400
2626 2.647360
2627 2.562400
2628 2.560960
2629 2.617920
2630 2.711360
2631 2.688800
2632 2.594720
2633 2.849600
2634 2.571840
2635 2.532640
2636 2.696320
2637 2.587200
2638 2.644320
2639 2.592000
2640 2.535840
2641 2.873280
2642 2.689600
2643 2.566720
2644 2.572320
2645 2.529120
2646 2.581120
2647 2.656320
2648 2.532480
2649 2.492000
2650 2.531680
2651 2.461120
2652 3.340000
2653 2.597920
2654 2.509600
2655 2.471680
2656 2.541600
2657 2.764960
2658 2.728000
2659 2.511680
2660 2.537600
2661 2.443680
2662 2.517920
2663 2.841120
2664 2.627040
2665 2.457600
2666 2.588320
2667 2.526080
2668 2.618400
2669 2.640960
2670 2.438240
2671 2.441120
2672 2.427520
2673 2.968000
2674 2.721600
2675 2.613280
2676 2.491520
2677 2.438240
2678 2.439040
2679 2.406240
2680 2.794400
2681 2.644480
2682 2.465600
2683 2.473440
2684 2.707360
2685 2.632800
2686 2.620800
2687 2.448960
2688 2.444640
2689 2.437440
2690 2.415680
2691 2.857920
2692 2.558720
2693 2.453920
2694 2.403200
2695 2.468480
2696 2.375840
2697 2.591360
2698 2.425760
2699 2.412000
2700 2.470240
2701 2.519520
2702 2.664960
2703 2.572320
2704 2.426880
2705 2.498880
2706 2.411520
2707 2.411360
2708 2.750880
2709 2.625440
2710 2.471200
2711 2.429760
2712 2.436160
2713 2.444640
2714 2.775040
2715 2.465600
2716 2.411040
2717 2.451040
2718 2.464800
2719 2.457600
2720 2.565440
2721 2.446560
2722 2.477280
2723 2.443200
2724 2.420800
2725 2.714720
2726 2.575040
2727 2.413440
2728 2.446240
2729 2.422880
2730 2.426240
2731 2.552320
2732 2.465760
2733 2.399040
2734 2.427680
2735 2.416000
2736 2.651680
2737 2.558080
2738 2.439360
2739 2.389440
2740 2.432000
2741 2.419680
2742 2.691200
2743 2.563680
2744 2.416000
2745 2.398880
2746 2.416640
2747 2.518880
2748 2.712800
2749 2.556960
2750 2.399040
2751 2.449760
2752 2.400800
2753 2.368320
2754 2.458240
2755 2.323360
2756 2.314240
2757 2.289920
2758 2.297120
2759 2.242560
2760 2.362720
2761 2.315840
2762 2.280640
2763 2.333440
2764 2.314720
2765 2.224160
2766 2.394080
2767 2.252160
2768 2.253120
2769 2.248480
2770 2.260320
2771 2.265280
2772 2.358240
2773 2.247680
2774 2.276000
2775 2.240960
2776 2.217600
2777 2.217600
2778 2.412320
2779 2.388000
2780 2.303680
2781 2.232000
2782 2.230560
2783 2.213120
2784 2.393440
2785 2.348160
2786 2.208960
2787 2.206560
2788 2.241440
2789 2.184800
2790 2.210240
2791 2.281280
2792 2.249760
2793 2.190880
2794 2.191360
2795 2.225600
2796 2.113440
2797 2.252960
2798 2.347200
2799 2.194880
2800 2.117440
2801 2.107040
2802 2.280800
2803 2.271200
2804 2.130720
2805 2.132480
2806 2.149280
2807 2.136480
2808 2.130400
2809 2.416800
2810 2.234720
2811 2.132480
2812 2.115040
2813 2.148000
2814 2.274880
2815 2.151360
2816 2.267840
2817 2.169280
2818 2.157440
2819 2.140640
2820 2.142080
2821 2.185280
2822 2.397600
2823 2.241120
2824 2.156000
2825 2.147040
2826 2.154080
2827 2.128000
2828 2.335680
2829 2.333760
2830 2.140160
2831 2.156960
2832 2.084000
2833 2.154880
2834 2.120800
2835 2.298880
2836 2.196960
2837 2.187680
2838 2.180480
2839 2.115200
2840 2.220000
2841 2.385760
2842 2.270560
2843 2.168640
2844 2.161600
2845 2.170720
2846 2.156800
2847 2.079360
2848 2.281600
2849 2.138880
2850 2.184480
2851 2.128640
2852 2.215360
2853 2.187040
2854 2.261280
2855 2.430400
2856 2.177760
2857 2.190080
2858 2.110880
2859 2.151840
2860 2.292480
2861 2.161600
2862 2.110240
2863 2.178400
2864 2.158400
2865 2.186080
2866 2.501600
2867 2.146080
2868 2.183200
2869 2.181920
2870 2.151200
2871 2.158720
2872 2.486560
2873 2.297440
2874 2.139520
2875 2.174880
2876 2.151200
2877 2.178400
2878 2.529760
2879 2.504480
2880 2.234080
2881 2.182880
2882 2.190880
2883 2.179360
2884 2.402080
2885 2.282560
2886 2.185600
2887 2.197440
2888 2.168320
2889 2.191520
2890 2.310880
2891 2.305760
2892 2.190880
2893 2.251840
2894 2.201760
2895 2.137760
2896 2.189920
2897 2.277600
2898 2.187200
2899 2.284800
2900 2.200160
2901 2.195200
2902 2.195040
2903 2.436160
2904 2.310880
2905 2.208960
2906 2.176640
2907 2.209600
2908 2.170880
2909 2.421920
2910 2.329120
2911 2.232160
2912 2.169120
2913 2.210560
2914 2.195520
2915 2.443520
2916 2.369920
2917 2.244000
2918 2.313920
2919 2.206720
2920 2.233280
2921 2.244000
2922 2.325440
2923 2.240480
2924 2.203840
2925 2.215200
2926 2.209600
2927 2.254080
2928 2.358400
2929 2.234720
2930 2.253440
2931 2.238080
2932 2.241280
2933 2.254560
2934 2.458560
2935 2.382720
2936 2.235040
2937 2.260160
2938 2.256960
2939 2.213760
2940 2.456320
2941 2.384640
2942 2.253600
2943 2.266560
2944 2.260160
2945 2.262240
2946 2.498240
2947 2.386880
2948 2.381600
2949 2.267200
2950 2.277440
2951 2.251520
2952 2.631520
2953 2.419680
2954 2.306720
2955 2.316960
2956 2.259360
2957 2.279200
2958 2.601120
2959 2.436160
2960 2.317760
2961 2.325920
2962 2.322560
2963 2.274400
2964 2.587040
2965 2.417440
2966 2.423200
2967 2.346400
2968 2.328800
2969 2.316480
2970 2.453760
2971 2.361280
2972 2.352800
2973 2.367840
2974 2.349440
2975 2.657760
2976 2.483360
2977 2.376800
2978 2.368000
2979 2.380160
2980 2.360320
2981 2.478080
2982 2.365600
2983 2.356480
2984 2.335680
2985 2.355840
2986 2.583840
2987 2.459840
2988 2.403840
2989 2.390400
2990 2.403360
2991 2.400640
2992 2.865600
2993 2.494560
2994 2.411200
2995 2.414880
2996 2.428640
2997 2.544160
2998 2.505120
2999 2.441920
3000 2.444640
3001 2.434400
3002 2.437600
3003 2.405280
3004 2.518240
3005 2.413760
3006 2.423680
3007 2.430400
3008 2.489760
3009 2.733920
3010 2.559200
3011 2.446560
3012 2.436320
3013 2.452160
3014 2.413760
3015 2.545120
3016 2.450560
3017 2.430880
3018 2.399520
3019 2.403840
3020 2.434720
3021 2.575040
3022 2.457920
3023 2.463040
3024 2.462240
3025 2.447520
3026 2.662080
3027 2.573120
3028 2.415040
3029 2.419520
3030 2.446880
3031 2.400800
3032 2.716640
3033 2.604800
3034 2.471840
3035 2.451520
3036 2.400960
3037 2.499040
3038 2.607360
3039 2.469440
3040 2.565120
3041 2.471680
3042 2.468160
3043 2.721280
3044 2.604000
3045 2.505920
3046 2.465760
3047 2.542560
3048 2.500000
3049 2.539840
3050 2.492480
3051 2.497440
3052 2.480960
3053 2.452000
3054 2.835040
3055 2.372800
3056 2.310080
3057 2.294240
3058 2.289760
3059 2.400480
3060 2.554720
3061 2.312480
3062 2.269440
3063 2.274400
3064 2.287520
3065 2.261120
3066 2.488640
3067 2.343040
3068 2.283680
3069 2.275200
3070 2.263680
3071 2.369920
3072 2.525280
3073 2.394240
3074 2.279840
3075 2.291840
3076 2.291200
3077 2.269120
3078 2.510720
3079 2.401120
3080 2.321600
3081 2.376480
3082 2.322880
3083 2.306560
3084 2.528160
3085 2.382240
3086 2.327360
3087 2.321600
3088 2.309760
3089 2.410080
3090 2.601600
3091 2.380480
3092 2.344000
3093 2.300640
3094 2.313600
3095 2.288640
3096 2.588160
3097 2.407040
3098 2.300640
3099 2.316000
3100 2.331520
3101 2.321440
3102 2.586720
3103 2.413280
3104 2.336160
3105 2.304800
3106 2.320640
3107 2.311840
3108 2.565280
3109 2.419520
3110 2.301440
3111 2.330560
3112 2.305120
3113 2.365920
3114 2.923200
3115 2.331520
3116 2.330720
3117 2.408000
3118 2.313760
3119 2.333280
3120 2.572320
3121 2.345120
3122 2.344160
3123 2.308000
3124 2.328320
3125 2.359520
3126 2.456160
3127 2.372000
3128 2.367360
3129 2.422400
3130 2.363840
3131 2.399680
3132 2.576800
3133 2.488160
3134 2.464800
3135 2.457440
3136 2.485920
3137 2.594720
3138 2.500320
3139 2.476640
3140 2.503040
3141 2.494080
3142 2.941920
3143 2.596480
3144 2.473920
3145 2.482080
3146 2.496160
3147 2.490400
3148 2.651040
3149 2.529760
3150 2.510240
3151 2.512640
3152 2.506080
3153 2.693600
3154 2.634400
3155 2.533600
3156 2.516160
3157 2.521440
3158 2.540480
3159 3.502400
3160 2.575680
3161 2.536960
3162 2.546880
3163 2.554880
3164 2.752960
3165 2.697920
3166 2.596640
3167 2.600960
3168 2.784480
3169 2.563360
3170 2.804000
3171 2.711520
3172 2.631360
3173 2.636960
3174 2.624000
3175 3.084640
3176 2.759840
3177 2.644480
3178 2.666880
3179 2.610080
3180 2.599840
3181 2.792640
3182 2.676480
3183 2.756960
3184 2.650560
3185 2.802080
3186 2.775040
3187 2.679040
3188 2.667360
3189 2.671520
3190 2.682880
3191 2.829440
3192 2.700160
3193 2.688800
3194 2.695680
3195 2.697280
3196 3.079200
3197 2.891040
3198 2.744960
3199 2.714720
3200 2.698560
3201 3.180960
3202 2.902400
3203 2.784960
3204 2.772640
3205 2.827200
3206 3.304960
3207 2.920640
3208 2.784160
3209 2.782400
3210 2.757120
3211 3.059520
3212 2.917440
3213 2.812320
3214 2.786240
3215 2.806560
3216 2.978720
3217 2.926720
3218 2.938400
3219 2.952480
3220 2.836640
3221 3.057920
3222 2.942240
3223 2.799200
3224 2.811840
3225 2.804960
3226 3.122720
3227 2.961600
3228 2.859040
3229 2.820960
3230 2.890240
3231 3.073600
3232 2.952160
3233 2.879840
3234 2.980800
3235 2.810080
3236 2.954720
3237 2.776480
3238 2.831680
3239 2.822080
3240 2.793120
3241 3.011200
3242 2.915360
3243 2.920960
3244 2.881280
3245 3.047360
3246 3.023200
3247 2.912320
3248 2.892160
3249 2.869920
3250 3.192640
3251 2.997920
3252 2.892960
3253 2.942720
3254 2.848160
3255 3.165440
3256 2.999840
3257 3.095360
3258 2.881760
3259 2.868160
3260 3.236160
3261 2.997280
3262 2.870880
3263 2.901440
3264 2.895360
3265 3.139840
3266 3.060480
3267 2.912960
3268 2.909280
3269 2.875520
3270 3.212640
3271 3.045440
3272 2.882240
3273 2.956160
3274 2.897600
3275 3.105600
3276 3.037920
3277 2.928000
3278 2.886720
3279 3.232960
3280 3.310400
3281 2.935200
3282 2.914720
3283 2.896000
3284 3.009440
3285 2.975840
3286 2.847680
3287 2.892640
3288 2.870880
3289 2.849120
3290 2.994240
3291 2.919680
3292 2.869280
3293 2.987360
3294 3.265280
3295 3.010080
3296 2.859200
3297 2.858400
3298 2.867840
3299 3.111520
3300 3.012480
3301 2.868160
3302 2.870560
3303 2.889280
3304 3.165760
3305 3.029440
3306 2.949600
3307 2.883360
3308 2.816480
3309 3.154080
3310 3.054880
3311 2.898240
3312 2.964320
3313 2.847040
3314 3.008480
3315 2.978720
3316 2.912480
3317 2.865920
3318 2.873280
3319 3.081920
3320 2.878880
3321 2.933600
3322 2.920960
3323 3.332000
3324 3.083360
3325 2.931360
3326 3.008000
3327 3.001920
3328 3.350880
3329 3.141920
3330 2.974720
3331 2.947520
3332 2.923680
3333 3.138560
3334 2.953440
3335 2.919840
3336 2.980800
3337 3.136960
3338 3.144320
3339 3.050560
3340 2.990880
3341 2.991360
3342 3.306400
3343 3.111680
3344 3.041600
3345 3.087360
3346 3.008800
3347 3.227360
3348 3.184800
3349 3.016320
3350 2.988800
3351 3.185920
3352 3.253600
3353 3.008960
3354 3.040960
3355 3.023840
3356 3.261920
3357 3.215840
3358 3.056480
3359 3.074240
3360 3.151360
3361 3.791200
3362 3.078720
3363 2.971200
3364 3.141920
3365 3.107840
3366 3.249120
3367 3.080800
3368 3.049600
3369 3.077920
3370 3.443360
3371 3.378400
3372 3.239200
3373 3.230240
3374 3.363200
3375 3.336000
3376 3.381280
3377 3.227520
3378 3.215200
3379 3.496960
3380 3.441600
3381 3.167360
3382 3.238560
3383 3.439040
3384 3.389440
3385 3.269760
3386 3.230720
3387 3.230400
3388 4.215680
3389 3.204000
3390 3.183520
3391 3.208000
3392 3.482560
3393 3.380000
3394 3.154400
3395 3.226560
3396 3.651680
3397 3.411360
3398 3.235680
3399 3.400480
3400 3.180800
3401 3.396000
3402 3.281600
3403 3.209120
3404 3.205120
3405 3.620000
3406 3.412000
3407 3.167680
3408 3.277440
3409 3.192320
3410 3.325120
3411 3.167680
3412 3.125760
3413 3.173760
3414 3.467840
3415 3.467840
3416 3.160640
3417 3.177920
3418 3.370400
3419 3.451680
3420 3.279360
3421 3.176160
3422 3.139360
3423 3.558400
3424 3.294240
3425 3.159840
3426 3.169920
3427 3.119040
3428 3.348320
3429 3.162880
3430 3.201280
3431 3.134080
3432 3.370560
3433 3.341280
3434 3.141600
3435 3.188640
3436 3.396960
3437 3.341600
3438 3.275680
3439 3.152000
3440 3.200960
3441 3.440160
3442 3.431360
3443 3.166400
3444 3.231520
3445 3.406880
3446 3.363360
3447 3.140480
3448 3.267840
3449 3.192800
3450 3.429600
3451 3.346880
3452 3.152000
3453 3.178400
3454 3.103360
3455 3.426400
3456 3.130880
3457 3.191680
3458 3.184160
3459 3.398560
3460 3.463680
3461 3.183360
3462 3.198880
3463 3.331200
3464 3.338400
3465 3.238560
3466 3.206240
3467 3.157600
3468 4.262880
3469 3.221920
3470 3.152960
3471 3.131840
3472 3.480160
3473 3.394560
3474 3.215360
3475 3.218560
3476 3.190560
3477 3.370400
3478 3.203680
3479 3.194240
3480 3.160000
3481 3.557440
3482 3.478080
3483 3.320800
3484 3.305440
3485 3.632000
3486 3.734080
3487 3.287680
3488 3.298880
3489 3.161760
3490 3.421760
3491 3.313920
3492 3.267520
3493 3.222240
3494 3.508960
3495 3.448160
3496 3.330560
3497 3.371520
3498 3.650560
3499 3.561760
3500 3.368640
3501 3.348960
3502 3.576640
3503 3.691360
3504 3.484800
3505 3.439040
3506 3.748480
3507 3.563040
3508 3.357120
3509 3.409760
3510 3.586080
3511 3.584320
3512 3.396480
3513 3.518720
3514 3.621280
3515 3.629120
3516 3.375840
3517 3.348320
3518 3.598560
3519 3.586240
3520 3.484800
3521 3.424160
3522 3.383040
3523 3.607520
3524 3.422720
3525 3.371840
3526 3.339680
3527 3.715360
3528 3.659680
3529 3.412640
3530 3.467200
3531 3.853440
3532 3.715680
3533 3.502720
3534 3.365440
3535 3.663040
3536 3.656160
3537 3.394400
3538 3.520160
3539 3.662080
3540 3.698080
3541 3.442240
3542 3.584320
3543 3.665920
3544 3.816320
3545 3.498560
3546 3.556160
3547 3.534080
3548 3.789440
3549 3.581280
3550 3.518400
3551 3.488320
3552 3.725280
3553 3.537600
3554 3.525600
3555 3.767040
3556 3.838400
3557 3.598720
3558 3.614560
3559 3.645120
3560 3.830400
3561 3.538400
3562 3.659200
3563 3.869760
3564 3.766240
3565 3.560320
3566 3.593920
3567 3.816480
3568 3.839680
3569 3.602720
3570 3.590560
3571 3.631360
3572 3.867840
3573 3.561760
3574 3.698720
3575 3.874080
3576 3.857120
3577 3.648160
3578 3.641440
3579 3.732320
3580 3.889120
3581 3.633920
3582 3.726880
3583 3.853440
3584 3.925600
3585 3.745280
3586 3.640640
3587 4.067680
3588 3.994240
3589 3.822560
3590 3.793280
3591 4.349440
3592 3.995680
3593 3.828640
3594 3.806080
3595 3.967200
3596 3.830720
3597 3.804000
3598 3.755520
3599 3.964640
3600 3.864320
3601 3.802400
3602 4.299040
3603 4.137120
3604 3.824800
3605 3.774720
3606 4.167520
3607 4.277920
3608 3.814080
3609 3.928960
3610 4.080960
3611 3.899200
3612 4.060480
3613 4.422880
3614 4.254880
3615 4.003840
3616 3.907520
3617 4.422880
3618 4.339520
3619 4.018560
3620 4.213760
3621 4.208000
3622 4.052640
3623 3.982240
3624 4.434720
3625 4.325280
3626 4.014880
3627 3.958240
3628 4.392320
3629 4.330240
3630 4.138720
3631 4.190560
3632 4.339840
3633 4.005120
3634 4.018400
3635 4.340480
3636 4.304960
3637 4.053760
3638 4.278400
3639 4.455200
3640 4.064320
3641 3.979520
3642 4.288160
3643 4.263200
3644 4.175840
3645 4.308960
3646 4.205120
3647 3.980160
3648 4.015200
3649 4.398720
3650 4.417280
3651 4.006560
3652 3.984000
3653 4.390560
3654 4.146560
3655 4.134240
3656 4.518880
3657 4.277600
3658 4.029760
3659 4.020320
3660 4.332480
3661 4.085120
3662 4.018240
3663 4.467040
3664 4.235680
3665 4.043840
3666 4.067360
3667 4.542240
3668 4.361600
3669 4.114080
3670 4.359840
3671 4.312320
3672 4.125760
3673 4.064000
3674 4.539680
3675 4.389120
3676 4.182880
3677 4.555840
3678 4.391360
3679 4.144160
3680 4.058880
3681 4.430240
3682 4.482240
3683 4.158080
3684 4.299360
3685 4.501920
3686 4.117760
3687 4.038080
3688 4.453760
3689 4.388160
3690 4.082240
3691 4.243840
3692 4.434400
3693 4.130560
3694 4.111360
3695 4.508480
3696 4.320000
3697 4.229760
3698 4.385920
3699 4.434720
3700 4.379520
3701 4.157600
3702 4.396000
3703 4.075360
3704 4.085280
3705 4.428480
3706 4.415360
3707 4.114720
3708 4.109920
3709 4.403200
3710 4.137600
3711 4.108640
3712 4.381760
3713 4.485120
3714 4.257120
3715 4.667680
3716 4.506880
3717 4.217920
3718 4.252640
3719 4.989920
3720 4.293600
3721 4.218560
3722 4.569760
3723 4.528800
3724 4.278080
3725 4.472960
3726 4.507840
3727 4.228960
3728 4.248320
3729 4.660480
3730 4.604000
3731 4.291840
3732 4.460640
3733 4.538400
3734 4.289760
3735 4.261920
3736 4.636800
3737 4.612320
3738 4.290560
3739 4.492000
3740 4.610080
3741 4.243680
3742 4.309600
3743 4.620000
3744 4.657760
3745 4.355840
3746 4.702400
3747 4.733120
3748 4.448320
3749 4.711520
3750 4.676160
3751 4.482240
3752 4.587680
3753 4.683520
3754 4.446400
3755 4.991840
3756 4.671200
3757 4.417760
3758 4.463680
3759 4.809600
3760 4.748960
3761 4.454240
3762 4.733440
3763 4.662080
3764 4.419040
3765 4.663200
3766 4.835040
3767 4.759680
3768 4.533600
3769 4.798240
3770 4.394560
3771 4.521280
3772 4.788640
3773 4.862720
3774 4.589440
3775 4.917760
3776 4.818400
3777 4.559200
3778 4.877120
3779 4.779680
3780 4.577600
3781 4.912800
3782 4.788480
3783 4.536160
3784 4.676000
3785 4.808480
3786 4.581280
3787 4.529440
3788 5.661760
3789 4.506080
3790 4.513600
3791 4.952160
3792 4.803200
3793 4.596640
3794 5.081440
3795 4.822080
3796 4.513920
3797 5.051200
3798 4.895680
3799 4.540480
3800 4.733280
3801 4.858560
3802 4.613920
3803 4.925120
3804 4.893920
3805 4.608640
3806 4.654720
3807 4.885280
3808 4.842880
3809 4.676320
3810 4.912640
3811 5.034240
3812 4.631520
3813 4.846080
3814 4.947520
3815 4.657280
3816 4.919680
3817 4.877920
3818 4.642880
3819 4.581120
3820 5.005760
3821 4.667840
3822 4.731040
3823 5.001600
3824 4.601120
3825 4.655680
3826 5.540800
3827 4.711680
3828 4.726400
3829 5.115360
3830 4.933120
3831 4.681120
3832 5.044160
3833 5.113920
3834 4.669920
3835 5.165920
3836 5.044800
3837 4.645120
3838 5.095680
3839 4.951040
3840 4.726720
3841 5.123040
3842 4.983200
3843 4.801600
3844 5.123840
3845 4.764480
3846 4.747520
3847 5.587200
3848 4.837280
3849 4.730240
3850 5.282720
3851 5.043200
3852 4.805920
3853 5.590400
3854 5.187360
3855 4.806240
3856 5.228160
3857 5.316800
3858 5.055520
3859 5.280480
3860 5.172000
3861 4.914080
3862 5.313760
3863 5.152480
3864 5.225600
3865 5.136960
3866 4.883680
3867 5.265120
3868 5.224320
3869 4.897760
3870 4.916480
3871 5.271840
3872 4.972480
3873 4.926400
3874 5.269280
3875 5.087200
3876 5.140160
3877 5.379360
3878 5.050400
3879 5.158560
3880 5.278240
3881 4.917760
3882 5.280960
3883 5.353280
3884 4.984640
3885 5.532160
3886 5.306560
3887 5.078080
3888 5.412800
3889 5.394560
3890 5.069600
3891 5.492800
3892 5.405920
3893 5.189120
3894 5.632160
3895 5.408960
3896 5.482560
3897 5.468960
3898 5.090720
3899 5.074080
3900 5.542720
3901 5.451040
3902 5.404000
3903 5.464800
3904 5.211680
3905 5.395680
3906 5.507680
3907 5.143040
3908 5.531680
3909 5.479680
3910 5.178080
3911 5.588800
3912 5.595360
3913 5.458080
3914 5.582240
3915 5.106880
3916 5.404320
3917 5.528320
3918 5.213600
3919 5.677440
3920 5.442240
3921 5.129600
3922 5.593280
3923 5.533600
3924 5.162720
3925 5.494240
3926 5.172640
3927 5.274240
3928 5.455200
3929 5.116960
3930 5.322240
3931 5.559680
3932 5.267040
3933 5.427040
3934 5.492800
3935 5.110240
3936 5.522720
3937 5.545280
3938 5.100960
3939 5.685760
3940 5.449280
3941 5.208160
3942 5.469120
3943 5.237760
3944 5.416960
3945 5.541600
3946 5.278880
3947 5.466400
3948 5.484000
3949 5.206400
3950 5.563840
3951 5.554720
3952 5.185440
3953 5.578720
3954 5.584480
3955 5.328800
3956 6.084480
3957 5.289600
3958 5.452480
3959 5.714080
3960 5.247040
3961 5.443200
3962 5.640640
3963 5.258400
3964 5.684960
3965 5.596000
3966 5.348320
3967 5.684960
3968 5.623200
3969 5.258880
3970 5.699520
3971 5.364480
3972 5.549920
3973 5.648800
3974 5.633920
3975 5.816000
3976 5.618560
3977 5.248800
3978 5.935840
3979 5.697600
3980 5.771520
3981 5.602720
3982 5.481120
3983 5.688800
3984 5.724800
3985 5.403520
3986 5.767040
3987 5.378240
3988 5.713440
3989 5.679040
3990 5.459680
3991 5.775040
3992 5.633120
3993 5.559680
3994 5.882880
3995 5.688800
3996 5.417440
3997 5.668160
3998 5.467040
3999 6.001760
4000 5.895200
4001 5.428640
4002 5.854080
4003 5.863040
4004 5.488480
4005 5.696960
4006 5.431520
4007 5.734560
4008 5.820800
4009 5.529120
4010 5.621760
4011 5.608960
4012 5.593280
4013 6.099840
4014 5.454080
4015 5.669600
4016 5.758080
4017 5.361120
4018 5.635200
4019 5.641120
4020 5.421280
4021 5.809120
4022 5.718720
4023 5.272000
4024 6.297920
4025 5.466240
4026 6.015360
4027 5.636000
4028 5.377440
4029 5.706560
4030 5.684960
4031 5.360960
4032 5.963200
4033 5.752960
4034 5.728160
4035 5.898080
4036 5.441920
4037 5.840160
4038 5.779040
4039 5.608320
4040 6.014240
4041 5.972480
4042 5.702400
4043 5.677120
4044 5.474880
4045 6.136320
4046 5.939040
4047 5.490080
4048 5.908640
4049 5.870240
4050 5.766720
4051 5.760000
4052 5.629280
4053 5.914400
4054 5.707680
4055 5.614240
4056 5.914400
4057 5.815360
4058 5.666080
4059 5.900160
4060 5.566880
4061 6.061440
4062 5.597120
4063 5.448160
4064 6.396800
4065 5.347200
4066 5.630080
4067 5.783360
4068 5.318720
4069 5.650080
4070 5.710400
4071 5.463840
4072 5.857120
4073 5.707040
4074 5.379840
4075 5.640320
4076 5.561440
4077 5.622880
4078 5.637280
4079 5.820640
4080 5.696320
4081 5.940160
4082 5.442720
4083 5.901920
4084 5.501280
4085 5.597920
4086 5.738560
4087 5.460160
4088 6.070720
4089 5.860960
4090 5.421600
4091 5.872160
4092 5.789600
4093 5.625440
4094 5.650880
4095 5.445760
4096 5.554240
4097 5.802080
4098 5.478400
4099 5.713920
4100 5.731360
4101 5.473280
4102 5.722080
4103 5.346080
4104 5.596320
4105 5.653440
4106 5.428000
4107 5.940000
4108 5.760960
4109 5.331840
4110 5.837440
4111 5.769440
4112 6.054080
4113 5.790560
4114 6.068960
4115 5.818880
4116 5.579680
4117 5.550880
4118 6.126240
4119 5.279520
4120 5.320160
4121 5.748480
4122 5.343520
4123 5.591360
4124 5.740320
4125 5.462240
4126 5.889120
4127 5.629120
4128 5.357920
4129 5.704160
4130 5.492480
4131 5.513440
4132 5.595840
4133 5.229440
4134 5.531360
4135 5.394560
4136 5.210240
4137 5.640480
4138 5.614400
4139 5.088800
4140 5.632480
4141 5.531840
4142 5.203520
4143 5.454880
4144 5.233760
4145 5.258400
4146 5.601600
4147 5.236480
4148 5.261280
4149 5.643520
4150 5.258880
4151 5.484160
4152 5.674720
4153 5.249440
4154 5.643520
4155 5.288480
4156 5.021280
4157 5.835520
4158 5.047680
4159 5.155520
4160 5.553760
4161 5.184480
4162 5.698400
4163 5.194880
4164 5.036000
4165 5.268160
4166 5.371040
4167 5.130720
4168 5.351040
4169 5.391520
4170 4.967840
4171 5.224320
4172 5.353440
4173 5.009600
4174 5.383040
4175 5.592480
4176 4.939680
4177 5.430240
4178 5.330400
4179 5.112000
4180 5.486560
4181 5.084000
4182 4.861760
4183 5.455040
4184 5.258240
4185 4.893920
4186 5.491200
4187 4.812160
4188 4.734560
4189 5.384000
4190 5.168800
4191 5.582560
4192 5.229280
4193 4.897760
4194 4.884640
4195 5.905920
4196 4.900480
4197 4.747680
4198 5.575200
4199 5.041920
4200 4.714560
4201 5.366080
4202 5.091360
4203 4.658720
4204 5.420480
4205 5.015840
4206 4.655360
4207 5.218400
4208 4.993760
4209 5.238720
4210 5.216800
4211 4.704160
4212 4.894560
4213 5.037920
4214 4.662080
4215 4.569280
4216 4.951520
4217 4.668160
4218 4.487680
4219 4.726400
4220 4.761760
4221 4.502720
4222 4.702080
4223 4.937440
4224 4.398880
4225 4.389440
4226 4.710880
4227 4.584000
4228 4.313280
4229 5.162080
4230 4.464160
4231 4.454720
4232 4.759520
4233 4.699360
4234 4.286400
4235 4.761920
4236 4.508320
4237 4.357120
4238 4.306240
4239 4.690560
4240 4.382720
4241 4.349600
4242 4.738880
4243 4.574880
4244 4.344160
4245 4.515360
4246 4.600320
4247 4.396800
4248 4.295200
4249 4.879680
4250 4.292800
4251 4.242080
4252 4.753440
4253 4.645440
4254 4.318560
4255 4.752960
4256 4.510720
4257 4.369120
4258 4.432800
4259 4.531040
4260 4.418560
4261 4.523040
4262 5.429440
4263 4.309760
4264 4.180640
4265 4.509920
4266 4.467840
4267 4.165760
4268 4.109760
4269 4.323200
4270 4.384480
4271 4.113920
4272 4.410880
4273 4.288480
4274 4.028320
4275 4.038080
4276 4.265920
4277 4.049760
4278 4.064320
4279 4.358720
4280 4.221120
4281 4.018400
4282 4.635840
4283 4.219360
4284 3.958720
4285 3.890080
4286 4.110400
4287 4.199200
4288 3.989920
4289 3.968320
4290 4.278880
4291 4.161440
4292 3.947840
4293 4.047200
4294 4.283680
4295 4.137440
4296 3.923200
4297 3.899040
4298 4.021760
4299 3.717760
4300 3.742880
4301 3.909440
4302 3.986560
4303 3.734400
4304 3.747520
4305 3.977600
4306 3.942400
4307 3.752960
4308 3.808800
4309 4.051520
4310 3.912320
4311 3.759520
4312 3.719040
4313 4.051680
4314 3.978400
4315 3.780640
4316 3.688000
4317 4.497600
4318 3.744640
4319 3.678080
4320 3.681280
4321 3.903840
4322 3.684320
4323 3.670560
4324 3.871040
4325 3.882560
4326 3.647520
4327 3.643360
4328 3.670720
4329 3.911200
4330 3.687680
4331 3.711840
4332 3.876640
4333 3.850240
4334 3.662880
4335 3.754880
4336 4.125440
4337 3.895200
4338 3.703520
4339 3.695200
4340 3.871520
4341 3.866080
4342 3.646080
4343 3.637600
4344 3.912320
4345 3.864160
4346 3.655520
4347 3.611200
4348 3.877440
4349 3.891200
4350 3.612800
4351 3.666880
4352 3.851040
4353 3.820800
4354 3.713120
4355 3.538560
4356 3.779360
4357 3.866560
4358 3.605120
4359 3.672000
4360 3.948640
4361 3.788160
4362 3.621920
4363 3.596480
4364 3.879680
4365 3.846720
4366 3.636640
4367 3.607680
4368 4.023360
4369 3.848000
4370 3.642080
4371 3.604480
4372 4.739040
4373 3.591040
4374 3.852000
4375 3.611200
4376 3.787200
4377 3.570560
4378 3.540320
4379 3.491520
4380 3.777440
4381 3.607680
4382 3.494400
4383 3.557120
4384 3.780640
4385 3.553120
4386 3.698560
4387 3.714720
4388 4.023520
4389 3.748800
4390 3.652960
4391 3.656160
4392 3.921760
4393 3.655200
4394 3.692320
4395 3.929600
4396 3.948320
4397 3.646240
4398 3.712800
4399 3.911520
4400 3.954240
4401 3.665760
4402 3.660000
4403 4.465600
4404 3.916320
4405 3.712000
4406 3.646720
4407 3.887360
4408 3.925600
4409 3.663360
4410 3.658240
4411 3.952640
4412 3.907680
4413 3.641600
4414 3.704000
4415 3.979200
4416 3.869920
4417 3.668960
4418 3.634880
4419 4.035360
4420 3.683360
4421 3.610880
4422 4.292160
4423 4.416320
4424 3.641440
4425 3.632000
4426 3.564800
4427 4.356800
4428 3.658720
4429 3.609120
4430 3.604640
4431 3.837440
4432 3.618400
4433 3.581440
4434 3.829440
4435 3.855680
4436 3.577120
4437 3.614080
4438 3.562080
4439 3.841280
4440 3.582560
4441 3.585280
4442 3.602240
4443 3.832800
4444 3.615040
4445 3.597440
4446 3.568000
4447 3.794720
4448 3.653600
4449 3.548480
4450 3.587360
4451 3.777920
4452 3.553600
4453 3.562240
4454 3.545280
4455 3.811040
4456 3.543040
4457 3.534560
4458 3.572640
4459 3.804640
4460 3.800000
4461 3.594080
4462 3.531200
4463 3.741440
4464 3.581280
4465 3.569920
4466 3.579200
4467 3.784960
4468 3.564640
4469 3.515040
4470 3.523840
4471 4.654240
4472 3.596800
4473 3.546400
4474 3.450880
4475 3.971840
4476 3.556480
4477 3.533280
4478 3.510400
4479 3.904320
4480 3.764160
4481 3.526240
4482 3.784480
4483 3.958080
4484 3.763040
4485 3.544160
4486 3.521600
4487 3.839520
4488 3.727200
4489 3.518080
4490 3.491360
4491 3.806400
4492 3.740160
4493 3.548480
4494 3.495200
4495 3.694880
4496 3.752960
4497 3.640480
4498 3.440800
4499 3.660160
4500 3.705600
4501 3.470400
4502 3.507840
4503 3.935840
4504 3.699360
4505 3.462240
4506 3.457280
4507 3.608320
4508 3.680480
4509 3.475200
4510 3.436800
4511 3.651360
4512 3.647840
4513 3.435840
4514 3.388480
4515 3.464640
4516 3.662080
4517 3.454240
4518 3.461280
4519 3.648800
4520 3.664800
4521 3.433920
4522 3.369120
4523 3.618240
4524 3.840640
4525 3.603680
4526 3.460640
4527 3.441120
4528 3.764160
4529 3.660000
4530 3.431200
4531 3.386080
4532 3.721600
4533 3.650240
4534 3.362880
4535 3.406240
4536 3.746720
4537 3.623840
4538 3.376800
4539 3.372000
4540 3.772960
4541 3.496800
4542 3.374720
4543 3.345120
4544 3.739360
4545 3.612800
4546 3.391200
4547 3.387040
4548 3.542240
4549 3.629920
4550 3.340800
4551 3.395840
4552 3.584000
4553 3.662880
4554 3.405280
4555 3.360800
4556 3.354720
4557 4.413440
4558 3.464480
4559 3.642240
4560 3.346560
4561 3.654400
4562 3.609120
4563 3.379360
4564 3.377760
4565 3.396800
4566 3.404160
4567 3.186880
4568 3.168000
4569 3.157120
4570 3.323520
4571 3.156480
4572 3.150560
4573 3.114720
4574 3.369920
4575 3.362240
4576 3.186880
4577 3.146240
4578 3.107680
4579 3.474080
4580 3.313760
4581 3.118880
4582 3.118560
4583 3.321440
4584 3.342880
4585 3.137120
4586 3.083040
4587 3.145120
4588 3.419520
4589 3.344000
4590 3.131200
4591 3.146400
4592 3.093440
4593 3.321120
4594 3.111040
4595 3.147040
4596 3.106720
4597 3.360800
4598 3.291040
4599 3.144640
4600 3.156320
4601 3.102240
4602 4.182400
4603 3.131200
4604 3.117920
4605 3.080320
4606 3.509600
4607 3.346880
4608 3.097280
4609 3.124160
4610 3.121120
4611 3.810720
4612 3.154240
4613 3.092800
4614 3.307840
4615 3.253760
4616 3.255520
4617 3.121120
4618 3.046720
4619 3.145600
4620 3.467520
4621 3.276800
4622 3.083680
4623 3.078400
4624 3.072960
4625 3.268480
4626 3.087840
4627 3.053920
4628 3.082720
4629 3.249440
4630 3.295040
4631 3.079200
4632 3.054560
4633 3.050240
4634 3.361280
4635 3.242720
4636 3.062400
4637 3.082080
4638 3.002880
4639 3.257120
4640 3.036800
4641 3.009760
4642 3.053280
4643 3.248480
4644 3.200160
4645 3.048320
4646 3.090400
4647 3.044960
4648 3.406400
4649 3.203680
4650 3.033760
4651 3.030080
4652 3.031360
4653 3.350880
4654 3.062240
4655 3.028160
4656 3.048640
4657 3.500160
4658 3.231040
4659 3.047040
4660 3.000160
4661 3.052640
4662 3.236160
4663 3.211040
4664 3.035520
4665 3.012800
4666 3.012160
4667 3.325120
4668 3.215520
4669 3.044960
4670 3.088800
4671 3.057120
4672 3.202240
4673 3.206880
4674 3.036960
4675 3.020320
4676 2.957280
4677 3.144640
4678 2.962880
4679 3.115360
4680 2.903200
4681 3.206240
4682 3.146880
4683 2.890400
4684 2.889920
4685 2.898720
4686 3.062720
4687 2.933280
4688 2.886560
4689 2.871520
4690 2.880800
4691 3.082080
4692 2.876480
4693 2.873280
4694 2.884640
4695 3.197600
4696 3.077280
4697 2.877600
4698 2.993760
4699 2.855040
4700 3.055040
4701 3.067040
4702 2.886240
4703 2.874560
4704 2.885760
4705 3.219360
4706 3.072640
4707 2.903840
4708 2.877120
4709 2.836800
4710 3.533440
4711 2.839680
4712 2.873600
4713 2.910720
4714 3.040000
4715 3.030720
4716 2.900320
4717 2.892640
4718 2.941920
4719 2.836320
4720 3.059520
4721 2.893280
4722 2.898400
4723 2.863520
4724 2.869760
4725 3.041280
4726 2.881600
4727 2.898880
4728 2.887520
4729 2.856640
4730 3.059840
4731 2.848320
4732 2.869920
4733 2.887040
4734 3.138720
4735 3.051360
4736 2.878880
4737 2.863360
4738 2.881920
4739 3.115520
4740 3.040320
4741 2.882240
4742 2.908320
4743 2.847680
4744 3.062880
4745 2.849440
4746 2.843200
4747 2.843840
4748 2.637760
4749 2.861920
4750 2.694400
4751 2.745280
4752 2.614080
4753 2.654400
4754 3.429760
4755 2.682240
4756 2.664320
4757 2.643680
4758 2.661600
4759 2.974080
4760 2.816160
4761 2.650080
4762 2.670720
4763 2.632320
4764 2.893920
4765 2.847520
4766 2.673920
4767 2.642880
4768 2.632800
4769 2.925120
4770 2.832320
4771 2.672160
4772 2.644320
4773 2.623840
4774 2.819040
4775 2.854400
4776 2.704160
4777 2.669280
4778 2.658080
4779 2.617920
4780 2.828000
4781 2.701760
4782 2.615360
4783 2.637280
4784 2.835840
4785 2.864000
4786 2.674080
4787 2.709920
4788 2.652000
4789 2.629600
4790 3.259840
4791 2.676000
4792 2.658720
4793 2.624160
4794 2.852960
4795 2.891840
4796 2.826080
4797 2.664480
4798 2.725120
4799 2.633760
4800 2.599200
4801 2.880640
4802 2.658400
4803 2.808800
4804 2.705440
4805 2.639520
4806 2.821760
4807 2.642240
4808 2.639520
4809 2.619360
4810 2.607360
4811 2.946240
4812 2.835680
4813 2.669280
4814 2.622880
4815 2.629280
4816 2.824800
4817 2.802080
4818 2.614080
4819 2.618240
4820 2.662560
4821 2.798400
4822 2.844640
4823 2.657440
4824 2.628800
4825 2.647520
4826 2.640160
4827 3.618240
4828 2.652960
4829 2.588320
4830 2.644000
4831 2.650240
4832 3.403040
4833 2.846080
4834 2.679680
4835 2.621920
4836 2.634080
4837 2.811840
4838 2.814080
4839 2.650560
4840 2.617120
4841 2.619200
4842 2.980160
4843 2.805760
4844 2.626560
4845 2.606240
4846 2.625120
4847 2.620160
4848 2.940640
4849 2.892160
4850 2.701280
4851 2.668640
4852 2.624160
4853 2.877120
4854 2.808960
4855 2.667520
4856 2.644640
4857 2.607200
4858 2.661760
4859 2.842400
4860 2.676000
4861 2.696800
4862 2.636480
4863 2.596640
4864 2.979040
4865 2.848640
4866 2.655360
4867 2.639360
4868 2.610880
4869 2.851840
4870 2.830880
4871 2.825920
4872 2.635520
4873 2.617920
4874 2.600480
4875 2.822880
4876 2.688640
4877 2.604000
4878 2.605280
4879 2.611840
4880 2.893600
4881 2.775200
4882 2.591040
4883 2.548640
4884 2.486080
4885 2.799200
4886 2.717120
4887 2.511040
4888 2.486080
4889 2.519040
4890 2.687520
4891 2.664000
4892 2.501440
4893 2.454400
4894 2.513760
4895 2.465120
4896 2.804640
4897 2.689600
4898 2.515040
4899 2.519360
4900 2.478560
4901 2.476320
4902 2.718560
4903 2.510880
4904 2.547680
4905 2.478400
4906 2.485120
4907 2.786400
4908 2.668000
4909 2.553920
4910 2.505760
4911 2.507040
4912 2.732640
4913 2.683520
4914 2.544320
4915 2.482080
4916 2.581600
4917 2.482400
4918 2.735520
4919 2.535680
4920 2.449280
4921 2.463520
4922 2.503840
4923 2.679680
4924 2.697920
4925 2.488320
4926 2.530080
4927 2.506080
4928 2.499840
4929 2.703840
4930 2.460800
4931 2.538880
4932 2.514720
4933 2.510400
4934 2.485120
4935 2.799360
4936 2.777440
4937 2.511200
4938 2.514080
4939 2.471680
4940 2.790240
4941 2.737280
4942 2.540000
4943 2.453280
4944 2.537920
4945 2.533120
4946 2.700320
4947 2.489280
4948 2.535840
4949 2.483680
4950 2.498400
4951 2.749440
4952 2.670240
4953 2.470400
4954 2.670720
4955 2.661280
4956 3.406080
4957 2.920000
4958 2.694880
4959 2.783680
4960 2.466560
4961 2.770560
4962 2.847680
4963 2.692800
4964 2.682240
4965 2.634240
4966 2.867200
4967 3.397760
4968 2.695680
4969 2.684320
4970 2.696000
4971 2.679200
4972 2.890560
4973 2.856640
4974 2.733920
4975 2.675200
4976 2.745760
4977 2.946880
4978 2.770240
4979 2.669760
4980 2.709600
4981 2.686240
4982 2.712160
4983 3.727680
4984 2.746080
4985 2.699840
4986 2.716480
4987 2.688960
4988 3.101280
4989 2.757600
4990 2.762080
4991 2.743200
4992 2.708640
4993 2.917440
4994 2.782880
4995 2.686080
4996 2.729760
4997 2.684800
4998 2.681280
4999 2.868640
5000 2.725600
