1 0.000000
2 3.910560
3 3.760960
4 3.761920
5 4.048000
6 3.908000
7 3.919680
8 3.919200
9 4.458080
10 3.761600
11 3.752640
12 3.734880
13 3.966400
14 3.747680
15 3.809600
16 3.763040
17 3.977760
18 3.824320
19 3.822880
20 3.972800
21 3.997120
22 3.802560
23 3.888800
24 4.030560
25 3.980480
26 3.762240
27 3.789280
28 4.059360
29 3.956800
30 3.818880
31 3.828160
32 4.091200
33 4.020160
34 3.805280
35 3.798400
36 3.977440
37 3.819040
38 3.756640
39 3.795200
40 3.947840
41 3.763680
42 3.774400
43 3.975360
44 3.978880
45 3.810080
46 3.740640
47 3.971360
48 3.939200
49 3.785440
50 3.784480
51 4.009280
52 3.914400
53 3.805120
54 3.749440
55 4.029280
56 3.946560
57 3.755200
58 3.777600
59 3.961920
60 3.726880
61 3.726720
62 3.757760
63 3.920640
64 3.945920
65 3.895200
66 3.896480
67 3.948960
68 3.755200
69 3.740000
70 4.341440
71 3.895840
72 3.703360
73 3.691840
74 3.964000
75 3.937920
76 3.712640
77 3.743520
78 3.966240
79 3.910240
80 3.680960
81 3.714240
82 4.065920
83 3.901280
84 3.705440
85 3.700320
86 4.044160
87 3.884160
88 3.724800
89 3.901600
90 3.836480
91 3.694560
92 3.702400
93 3.855680
94 3.886240
95 3.671520
96 3.668000
97 3.849600
98 3.978560
99 3.695840
100 3.690880
101 3.901760
102 3.982400
103 3.639360
104 3.666080
105 3.878240
106 3.852160
107 3.696160
108 3.856480
109 3.934880
110 3.803840
111 3.647520
112 3.568160
113 3.860000
114 3.727680
115 3.480800
116 3.650240
117 3.837920
118 3.804480
119 3.657120
120 3.619040
121 3.820160
122 3.912800
123 3.805600
124 3.596000
125 3.824960
126 3.802880
127 3.618400
128 3.585920
129 3.848320
130 3.805760
131 3.601280
132 3.621600
133 3.656000
134 3.694240
135 3.603680
136 3.590720
137 3.770240
138 3.765120
139 3.620640
140 3.586720
141 3.803040
142 3.765920
143 3.560320
144 3.578880
145 3.769600
146 3.769120
147 3.583520
148 3.594080
149 3.731360
150 3.766880
151 3.607520
152 3.547680
153 3.574880
154 3.766080
155 3.526400
156 3.530400
157 3.533280
158 3.871200
159 3.717280
160 3.517600
161 3.540480
162 3.842560
163 3.694400
164 3.591360
165 3.556640
166 3.777440
167 3.703360
168 3.539520
169 3.512000
170 3.715200
171 3.725920
172 3.533760
173 3.539040
174 3.762880
175 3.667520
176 3.516000
177 3.487200
178 3.808640
179 3.737440
180 3.510880
181 3.543840
182 3.753440
183 3.690880
184 3.515520
185 3.509920
186 3.868800
187 3.704640
188 3.512320
189 3.492320
190 3.710880
191 3.659680
192 3.483200
193 3.452480
194 3.438400
195 3.661440
196 3.496640
197 3.482720
198 3.496480
199 3.639200
200 3.510560
201 3.512640
202 3.448640
203 3.806880
204 3.761440
205 3.455840
206 3.480000
207 3.854880
208 3.603680
209 3.508000
210 3.434560
211 3.690400
212 3.805600
213 3.523680
214 3.473440
215 3.684160
216 3.664640
217 3.498720
218 3.454720
219 3.624960
220 3.630240
221 3.450400
222 3.390080
223 3.455520
224 3.729760
225 3.593440
226 3.419200
227 3.408160
228 3.717920
229 3.623200
230 3.441600
231 3.369120
232 3.537600
233 3.523360
234 3.377760
235 3.310560
236 3.354720
237 3.509120
238 3.385760
239 3.375520
240 3.362080
241 3.610720
242 3.521280
243 3.387680
244 3.382080
245 3.560480
246 3.633120
247 3.411200
248 3.350880
249 3.398240
250 3.559200
251 3.432480
252 3.352800
253 3.305440
254 3.647040
255 3.541760
256 3.382560
257 3.375360
258 3.538400
259 3.562880
260 3.368160
261 3.393600
262 3.492160
263 3.540960
264 3.405120
265 3.343520
266 3.560800
267 3.593280
268 3.315200
269 3.317280
270 3.296960
271 3.577600
272 3.528000
273 3.322720
274 3.365440
275 3.512480
276 3.508800
277 3.311840
278 3.296320
279 3.484000
280 3.467680
281 3.295680
282 3.310720
283 3.333280
284 3.570720
285 3.428320
286 3.342880
287 3.418560
288 3.492640
289 3.457120
290 3.268640
291 3.288000
292 3.477600
293 4.058560
294 3.270560
295 3.334400
296 3.289440
297 3.524640
298 3.494080
299 3.288800
300 3.397120
301 3.456640
302 3.368480
303 3.259680
304 3.240800
305 3.330560
306 3.566880
307 3.405280
308 3.248640
309 3.220800
310 3.387520
311 3.412000
312 3.256960
313 3.213440
314 3.377280
315 3.529120
316 3.425600
317 3.245440
318 3.243360
319 3.639520
320 3.369760
321 3.204800
322 3.195360
323 3.360800
324 3.360800
325 3.211840
326 3.182720
327 3.166080
328 3.408800
329 3.336160
330 3.169120
331 3.190560
332 3.343520
333 3.353920
334 3.110240
335 3.266880
336 3.050880
337 3.255360
338 3.218720
339 3.004000
340 3.017280
341 3.144960
342 3.173440
343 3.036320
344 3.033600
345 3.047200
346 3.192640
347 3.158560
348 3.024800
349 3.211200
350 3.284160
351 3.219200
352 3.135840
353 3.023040
354 2.967520
355 2.994080
356 3.258560
357 3.116320
358 3.023520
359 2.993600
360 2.901280
361 3.045920
362 2.873920
363 2.850560
364 2.866560
365 2.892320
366 3.003040
367 2.833600
368 2.839840
369 2.828000
370 2.835360
371 3.080800
372 2.816160
373 2.837120
374 2.804640
375 2.886240
376 2.946720
377 2.844000
378 2.817760
379 2.767840
380 2.923200
381 2.948480
382 2.792640
383 2.837120
384 2.848000
385 2.801440
386 3.773600
387 2.775680
388 2.745600
389 2.804960
390 2.768480
391 3.053120
392 2.760160
393 2.612640
394 2.598080
395 2.634400
396 2.848960
397 2.743520
398 2.603040
399 2.749760
400 2.769600
401 2.934080
402 2.957760
403 2.788800
404 2.789440
405 2.772000
406 2.729280
407 2.845120
408 2.768320
409 2.718560
410 2.709760
411 2.717120
412 3.013440
413 2.874080
414 2.853920
415 2.736640
416 2.680480
417 2.911680
418 2.786880
419 2.641760
420 2.630880
421 2.626400
422 2.856160
423 2.756000
424 2.639040
425 2.660000
426 2.620320
427 2.818240
428 2.767360
429 2.633920
430 2.585600
431 2.584480
432 2.590880
433 2.741440
434 2.618880
435 2.621920
436 2.584000
437 2.605440
438 2.816800
439 2.721760
440 2.575840
441 2.585280
442 2.611840
443 2.875040
444 2.668480
445 2.534560
446 2.547520
447 2.575040
448 2.548960
449 2.796960
450 2.663040
451 2.539840
452 2.541760
453 2.554560
454 2.739840
455 2.642400
456 2.551200
457 2.692960
458 2.552160
459 2.535840
460 2.825760
461 2.810400
462 2.519840
463 2.532960
464 2.512000
465 2.706880
466 2.651840
467 2.508160
468 2.532800
469 2.527200
470 2.505920
471 2.735360
472 2.628640
473 2.477600
474 2.497920
475 2.488960
476 2.419840
477 2.579680
478 2.436320
479 2.433920
480 2.394880
481 2.426080
482 2.789440
483 2.521920
484 2.418880
485 2.398080
486 2.389440
487 2.380000
488 2.670240
489 2.368960
490 2.365440
491 2.367680
492 2.369440
493 2.382720
494 2.503680
495 2.366880
496 2.376960
497 2.344960
498 2.366560
499 2.344960
500 2.516640
501 2.373600
502 2.370400
503 2.398880
504 2.352000
505 2.550240
506 2.475680
507 2.298080
508 2.223840
509 2.252320
510 2.240160
511 2.553120
512 2.392480
513 2.247040
514 2.267520
515 2.244960
516 2.256000
517 2.427840
518 2.459680
519 2.261600
520 2.213120
521 2.219520
522 2.245280
523 2.238880
524 2.577440
525 2.256320
526 2.220800
527 2.220160
528 2.188160
529 2.240800
530 2.431040
531 2.340000
532 2.203200
533 2.195040
534 2.192000
535 2.195040
536 2.381440
537 2.318080
538 2.200320
539 2.211520
540 2.125120
541 2.129120
542 2.290560
543 2.237280
544 2.124160
545 2.116000
546 2.100000
547 2.116640
548 2.110720
549 3.267040
550 2.157280
551 2.082240
552 2.116160
553 2.118720
554 2.054400
555 2.304160
556 2.170400
557 2.048480
558 2.054560
559 2.066080
560 2.108480
561 2.324160
562 2.197760
563 2.076960
564 2.060160
565 2.063360
566 2.082880
567 2.071680
568 2.972960
569 2.075360
570 2.052960
571 2.045920
572 2.032160
573 2.030720
574 2.251680
575 2.141600
576 2.009600
577 2.015360
578 2.026720
579 1.991200
580 2.211840
581 2.187680
582 2.204320
583 1.983840
584 1.971840
585 1.993760
586 1.971680
587 1.966880
588 2.052000
589 2.049440
590 1.935680
591 1.944000
592 1.926560
593 1.923680
594 1.916000
595 2.062720
596 1.957440
597 1.854400
598 1.844000
599 1.857760
600 1.841600
601 1.840000
602 2.130240
603 1.848640
604 1.834240
605 1.834720
606 1.825440
607 1.835360
608 1.811840
609 2.025920
610 1.901280
611 1.806720
612 1.802880
613 1.799360
614 1.791040
615 1.800480
616 1.990080
617 1.944000
618 1.817920
619 1.805600
620 1.786880
621 1.814400
622 1.802080
623 1.878880
624 1.858400
625 1.766560
626 1.770880
627 1.759360
628 1.760000
629 1.780960
630 1.772800
631 1.952160
632 1.850720
633 1.763680
634 1.763200
635 1.746560
636 1.736800
637 1.825600
638 1.774080
639 1.815520
640 1.806080
641 1.739520
642 1.708160
643 1.720800
644 1.708320
645 1.716160
646 1.965760
647 1.734880
648 1.728960
649 1.729920
650 1.714240
651 1.731040
652 1.728640
653 1.710720
654 1.801440
655 1.720160
656 1.700320
657 1.696480
658 1.690240
659 1.694880
660 1.701920
661 1.960640
662 1.774400
663 1.712160
664 1.710720
665 1.699200
666 1.697440
667 1.692960
668 1.711040
669 1.768320
670 1.689760
671 1.702720
672 1.683040
673 1.682880
674 1.692000
675 1.688960
676 1.892160
677 1.763680
678 1.684480
679 1.683200
680 1.682560
681 1.689440
682 1.683040
683 1.688160
684 1.929760
685 1.737920
686 1.674080
687 1.670880
688 1.678080
689 1.668640
690 1.665120
691 1.661600
692 1.851840
693 1.742880
694 1.665920
695 1.659520
696 1.660320
697 1.663200
698 1.677920
699 1.735040
700 1.839520
701 1.766880
702 1.657440
703 1.662400
704 1.659200
705 1.658240
706 1.652160
707 1.658400
708 1.758560
709 1.679360
710 1.683360
711 1.680000
712 1.680800
713 1.680960
714 1.673120
715 1.679360
716 2.262400
717 1.686720
718 1.673760
719 1.680640
720 1.686400
721 1.678560
722 1.675040
723 1.680320
724 1.755200
725 1.693120
726 1.686240
727 1.701920
728 1.682560
729 1.680800
730 1.685920
731 1.841280
732 1.749760
733 1.679680
734 1.685760
735 1.694080
736 1.654240
737 1.672320
738 1.666720
739 1.752000
740 1.691040
741 1.589920
742 1.672000
743 1.675200
744 1.675680
745 1.680960
746 1.692960
747 1.747200
748 1.665440
749 1.664640
750 1.667840
751 1.670080
752 1.678400
753 1.671040
754 1.866720
755 1.770880
756 1.698240
757 1.527360
758 1.523360
759 1.688640
760 1.686720
761 1.684960
762 1.777760
763 1.696640
764 1.695360
765 1.689600
766 1.686880
767 1.689280
768 1.700320
769 2.003680
770 1.945280
771 1.727520
772 1.554400
773 1.727200
774 1.710880
775 1.717760
776 1.941280
777 1.799360
778 1.733280
779 1.724160
780 1.727040
781 1.727040
782 1.792960
783 1.730880
784 1.815520
785 1.743840
786 1.565920
787 1.736160
788 1.739840
789 1.740640
790 1.738400
791 1.917760
792 1.810240
793 1.754400
794 1.741600
795 1.741440
796 1.737920
797 1.745120
798 1.573440
799 1.823840
800 1.748000
801 1.753760
802 1.742240
803 1.750720
804 1.759840
805 1.753120
806 1.825120
807 1.747680
808 1.749280
809 1.760160
810 1.769920
811 1.766720
812 1.754560
813 1.784960
814 1.871200
815 1.809760
816 1.797280
817 1.788800
818 1.785760
819 1.792960
820 1.629440
821 1.951360
822 1.860160
823 1.794720
824 1.793440
825 1.781600
826 1.787840
827 1.793280
828 1.979360
829 1.874080
830 1.808640
831 1.812320
832 1.798240
833 1.835360
834 1.813120
835 1.881280
836 1.797920
837 1.804160
838 1.798880
839 1.795840
840 1.804000
841 1.807680
842 1.898400
843 1.823040
844 1.885280
845 1.828640
846 1.827360
847 1.664320
848 1.825760
849 2.288960
850 1.885600
851 1.832640
852 1.829760
853 1.841920
854 1.901920
855 1.897280
856 2.185760
857 2.011360
858 2.121120
859 1.912960
860 1.901920
861 1.920640
862 1.914880
863 1.990240
864 1.910880
865 1.943520
866 1.925440
867 1.932000
868 1.935040
869 2.146560
870 2.036800
871 1.952960
872 1.947040
873 1.956000
874 1.956320
875 1.956800
876 2.160160
877 2.050720
878 1.952480
879 1.958080
880 1.964000
881 1.962560
882 1.779200
883 2.150400
884 2.048320
885 1.984160
886 1.978560
887 1.990400
888 1.984640
889 1.973600
890 2.033440
891 2.077600
892 2.305440
893 2.043520
894 2.034400
895 2.041920
896 2.280320
897 2.123360
898 2.216640
899 2.072480
900 2.068320
901 2.155360
902 2.233600
903 2.140320
904 2.064160
905 2.074240
906 2.069760
907 2.096320
908 2.136160
909 2.353760
910 2.224160
911 2.171520
912 2.164160
913 2.181120
914 2.155840
915 2.385760
916 2.252320
917 2.183200
918 2.167840
919 2.178080
920 2.304480
921 2.483840
922 2.272960
923 2.329120
924 2.181280
925 2.185760
926 2.178240
927 2.272960
928 2.163200
929 2.136480
930 2.126080
931 2.137120
932 2.090880
933 2.187200
934 2.182080
935 2.108800
936 2.100480
937 2.096960
938 2.095040
939 2.092480
940 2.288800
941 2.171360
942 2.088960
943 1.878400
944 2.011680
945 2.026400
946 2.014560
947 2.088000
948 1.980160
949 1.985600
950 2.008320
951 1.996000
952 2.004480
953 2.267040
954 2.054240
955 1.925760
956 1.921600
957 1.918080
958 1.909760
959 1.914560
960 1.974240
961 1.912000
962 1.897920
963 1.905760
964 1.902880
965 2.156160
966 1.717120
967 1.784160
968 1.709600
969 1.716960
970 1.715680
971 1.714400
972 1.700000
973 1.690720
974 1.850720
975 1.743520
976 1.674720
977 1.619520
978 1.608160
979 1.610880
980 1.614240
981 1.605600
982 1.772320
983 1.668960
984 1.608640
985 1.609280
986 1.609440
987 1.586560
988 1.567520
989 1.563680
990 1.730720
991 1.666880
992 1.574720
993 1.571840
994 1.562080
995 1.574880
996 1.572160
997 1.584000
998 1.632800
999 1.569600
1000 1.563200
1001 1.517280
1002 1.514880
1003 1.580480
1004 1.505600
1005 1.503040
1006 1.493760
1007 1.552480
1008 1.498720
1009 1.489600
1010 1.509120
1011 1.493440
1012 1.484960
1013 1.534720
1014 1.684160
1015 1.525600
1016 1.471200
1017 1.459840
1018 1.548800
1019 1.462240
1020 1.459040
1021 1.451840
1022 1.621760
1023 1.512800
1024 1.464000
1025 1.473280
1026 1.459040
1027 1.464000
1028 1.410240
1029 1.412960
1030 1.400160
1031 1.687680
1032 1.481440
1033 1.396320
1034 1.444480
1035 1.411840
1036 1.401760
1037 1.419520
1038 1.458400
1039 1.520160
1040 1.535680
1041 1.475360
1042 1.483040
1043 1.477760
1044 1.475840
1045 1.478720
1046 1.477760
1047 1.477280
1048 1.680480
1049 1.547680
1050 1.497600
1051 1.495680
1052 1.489920
1053 1.491040
1054 1.482720
1055 1.557120
1056 1.509120
1057 1.589920
1058 1.524160
1059 1.515360
1060 1.522560
1061 1.534560
1062 1.526400
1063 1.516800
1064 1.530240
1065 2.417920
1066 1.521440
1067 1.527200
1068 1.525280
1069 1.530080
1070 1.549280
1071 1.541760
1072 1.544640
1073 1.555360
1074 1.629280
1075 1.584000
1076 1.576320
1077 1.593120
1078 1.561920
1079 1.571040
1080 1.565280
1081 1.565600
1082 1.756640
1083 1.628800
1084 1.574560
1085 1.560800
1086 1.576640
1087 1.563680
1088 1.616000
1089 1.619680
1090 1.803840
1091 1.699200
1092 1.642720
1093 1.718720
1094 1.643360
1095 1.656640
1096 1.668640
1097 1.656000
1098 1.842720
1099 1.732640
1100 1.798240
1101 1.648640
1102 1.651360
1103 1.660480
1104 1.660480
1105 1.666880
1106 1.739520
1107 1.686240
1108 1.693760
1109 1.697920
1110 1.682720
1111 1.689920
1112 1.684800
1113 1.689760
1114 1.765600
1115 1.688640
1116 1.689280
1117 1.684800
1118 1.680800
1119 1.692960
1120 1.692000
1121 1.687040
1122 1.764000
1123 1.705120
1124 1.768480
1125 1.708320
1126 1.717440
1127 1.769760
1128 1.768320
1129 1.763520
1130 1.840800
1131 1.775840
1132 1.773760
1133 1.783680
1134 1.781600
1135 1.780640
1136 1.788000
1137 2.016320
1138 2.002560
1139 1.795840
1140 1.803200
1141 1.803360
1142 1.810720
1143 1.821280
1144 1.885600
1145 1.825920
1146 1.834400
1147 1.842400
1148 1.841440
1149 1.843040
1150 1.940000
1151 1.949280
1152 1.853120
1153 1.880160
1154 1.860960
1155 1.919040
1156 1.914240
1157 1.929760
1158 2.738080
1159 1.944640
1160 1.913760
1161 1.920160
1162 2.137920
1163 1.916960
1164 1.915360
1165 2.221280
1166 2.153280
1167 2.154720
1168 2.153440
1169 2.149440
1170 2.152000
1171 2.638560
1172 2.220640
1173 2.156000
1174 2.165600
1175 2.160160
1176 2.155360
1177 2.394080
1178 2.264000
1179 2.173120
1180 2.171040
1181 2.188960
1182 2.177440
1183 2.346560
1184 2.242880
1185 2.225920
1186 2.171680
1187 2.176320
1188 2.151360
1189 2.256960
1190 2.241600
1191 2.178720
1192 2.173600
1193 2.184320
1194 2.175040
1195 2.260480
1196 2.383840
1197 2.259360
1198 2.178720
1199 2.179360
1200 2.167360
1201 2.318240
1202 2.372640
1203 2.278080
1204 2.186240
1205 2.204800
1206 2.204000
1207 2.275520
1208 2.189920
1209 2.269920
1210 2.181760
1211 2.191200
1212 2.196640
1213 2.198080
1214 2.191680
1215 2.405120
1216 2.284800
1217 2.199520
1218 2.200640
1219 2.217920
1220 2.217440
1221 2.376000
1222 2.268640
1223 2.200800
1224 2.196960
1225 2.194880
1226 2.201440
1227 2.207040
1228 2.283680
1229 2.208640
1230 2.200960
1231 2.213920
1232 2.199680
1233 2.220640
1234 2.381120
1235 2.281600
1236 2.189440
1237 2.186560
1238 2.202400
1239 2.208800
1240 2.361920
1241 2.291200
1242 2.203360
1243 2.207680
1244 2.201600
1245 2.294240
1246 2.221760
1247 2.275680
1248 2.272480
1249 2.205440
1250 2.207520
1251 2.195520
1252 2.215520
1253 2.284320
1254 2.199680
1255 2.207680
1256 2.259040
1257 2.268960
1258 2.254240
1259 2.477760
1260 2.341760
1261 2.278400
1262 2.247360
1263 2.274560
1264 2.241760
1265 2.580640
1266 2.360160
1267 2.303680
1268 2.278080
1269 2.293120
1270 2.280320
1271 2.527680
1272 2.367520
1273 2.318400
1274 2.279680
1275 2.286240
1276 2.315840
1277 2.499840
1278 2.428000
1279 2.331680
1280 2.338080
1281 2.345920
1282 2.449120
1283 2.512480
1284 2.416960
1285 2.568480
1286 2.328160
1287 2.339040
1288 2.359520
1289 2.661440
1290 2.431040
1291 2.358400
1292 2.355840
1293 2.341600
1294 2.348480
1295 2.591520
1296 2.453120
1297 2.362400
1298 2.354400
1299 2.359840
1300 2.365440
1301 2.530720
1302 2.413600
1303 2.418560
1304 2.426240
1305 2.432320
1306 2.641760
1307 2.510080
1308 2.429440
1309 2.440160
1310 2.459040
1311 2.452800
1312 2.705920
1313 2.559040
1314 2.470240
1315 2.484480
1316 2.467840
1317 2.724000
1318 2.563200
1319 2.486240
1320 2.494720
1321 2.495840
1322 2.529760
1323 2.729760
1324 2.675520
1325 2.576640
1326 2.558240
1327 2.583840
1328 2.573440
1329 2.661760
1330 2.579680
1331 2.570560
1332 2.576320
1333 2.568800
1334 2.758400
1335 2.706400
1336 2.590080
1337 2.709120
1338 2.587840
1339 2.580800
1340 2.676640
1341 2.598080
1342 2.599040
1343 2.588800
1344 2.607520
1345 2.849920
1346 2.719040
1347 2.635520
1348 2.649440
1349 2.645600
1350 2.808320
1351 2.720800
1352 2.670080
1353 2.668160
1354 2.674080
1355 2.666880
1356 2.821440
1357 2.707520
1358 2.713120
1359 2.990880
1360 2.755520
1361 3.018560
1362 2.824000
1363 2.734080
1364 2.736640
1365 2.742560
1366 2.996640
1367 2.860160
1368 2.748480
1369 2.787040
1370 2.768640
1371 3.014240
1372 2.879680
1373 2.780320
1374 2.756640
1375 2.783200
1376 3.038720
1377 2.895520
1378 2.820800
1379 2.805280
1380 2.782720
1381 3.022240
1382 2.896640
1383 2.815840
1384 2.811040
1385 2.815520
1386 3.096160
1387 2.971040
1388 2.824000
1389 2.834560
1390 2.843040
1391 3.069920
1392 2.956960
1393 2.836800
1394 2.849760
1395 2.856960
1396 3.079680
1397 2.980960
1398 3.053120
1399 2.923200
1400 2.893600
1401 3.070080
1402 2.902240
1403 2.920640
1404 2.928000
1405 3.098880
1406 3.054880
1407 2.925280
1408 2.939040
1409 2.948000
1410 3.145280
1411 3.071040
1412 2.936800
1413 2.968960
1414 3.082240
1415 3.658240
1416 3.072160
1417 3.013120
1418 2.988000
1419 3.018080
1420 3.109760
1421 3.007840
1422 3.012800
1423 3.010400
1424 3.220480
1425 3.188000
1426 3.050400
1427 3.051520
1428 3.090080
1429 3.286880
1430 3.160960
1431 3.030240
1432 3.056800
1433 3.051840
1434 3.791520
1435 3.085920
1436 3.083360
1437 3.099680
1438 3.092640
1439 3.242720
1440 3.100640
1441 3.119040
1442 3.108640
1443 3.480800
1444 3.268320
1445 3.143200
1446 3.139840
1447 3.178880
1448 3.275520
1449 3.203680
1450 3.164000
1451 3.296160
1452 3.459520
1453 3.349920
1454 3.195360
1455 3.200960
1456 3.214560
1457 3.364320
1458 3.228640
1459 3.232480
1460 3.244480
1461 3.485920
1462 3.490880
1463 3.308800
1464 3.335200
1465 3.536960
1466 3.488160
1467 3.361120
1468 3.327360
1469 3.359520
1470 3.657280
1471 3.531840
1472 3.397440
1473 3.513760
1474 3.615200
1475 3.521600
1476 3.378720
1477 3.373440
1478 3.666080
1479 3.527360
1480 3.529440
1481 3.427360
1482 3.627520
1483 3.514400
1484 3.381440
1485 3.400960
1486 3.617120
1487 3.576800
1488 3.433760
1489 3.390720
1490 3.377280
1491 3.590400
1492 3.383680
1493 3.406240
1494 3.398880
1495 4.035520
1496 3.397760
1497 3.437120
1498 3.429280
1499 3.689120
1500 3.590560
1501 3.448000
1502 3.389280
1503 3.798240
1504 3.584160
1505 3.483520
1506 3.530720
1507 3.707360
1508 3.675680
1509 3.553600
1510 3.556160
1511 3.726560
1512 3.680480
1513 3.712000
1514 3.568640
1515 3.563360
1516 3.718080
1517 3.575040
1518 3.562240
1519 3.569920
1520 3.737920
1521 3.605760
1522 3.554720
1523 3.570720
1524 4.291360
1525 3.605120
1526 3.592960
1527 3.734080
1528 3.961440
1529 3.717920
1530 3.595680
1531 3.606880
1532 3.852960
1533 3.732000
1534 3.589920
1535 3.616640
1536 3.907520
1537 3.682080
1538 3.702720
1539 3.560320
1540 3.750240
1541 3.569600
1542 3.550560
1543 3.566560
1544 3.744960
1545 3.680000
1546 3.708640
1547 3.672960
1548 3.850400
1549 3.715520
1550 3.706080
1551 3.744320
1552 3.889120
1553 3.868000
1554 3.696160
1555 3.946720
1556 3.916960
1557 3.771040
1558 3.928320
1559 3.962080
1560 3.923840
1561 3.810400
1562 3.867200
1563 4.136960
1564 4.034880
1565 3.859200
1566 3.852640
1567 4.214240
1568 4.064800
1569 3.908800
1570 3.862880
1571 4.091680
1572 3.909920
1573 3.883840
1574 4.164800
1575 4.109920
1576 3.969760
1577 3.991360
1578 4.198880
1579 4.173920
1580 4.020000
1581 4.008800
1582 4.342720
1583 4.198400
1584 4.077120
1585 4.302080
1586 4.210400
1587 4.040480
1588 4.104320
1589 4.419680
1590 4.175200
1591 4.187680
1592 4.418400
1593 4.412320
1594 4.186560
1595 4.238560
1596 4.409440
1597 4.234560
1598 4.228800
1599 4.472160
1600 4.449760
1601 4.257280
1602 4.465760
1603 4.431520
1604 4.279040
1605 4.274880
1606 4.963840
1607 4.273440
1608 4.248320
1609 4.586080
1610 4.517920
1611 4.372640
1612 4.543840
1613 4.564800
1614 4.322240
1615 4.389600
1616 4.698400
1617 4.600000
1618 4.412640
1619 4.628000
1620 4.605760
1621 4.415200
1622 4.428800
1623 4.660480
1624 4.417600
1625 4.442080
1626 4.822080
1627 4.586880
1628 4.539520
1629 4.761760
1630 4.606080
1631 4.564160
1632 4.688640
1633 4.762080
1634 4.438720
1635 4.467360
1636 4.631040
1637 4.445120
1638 4.446880
1639 4.753600
1640 4.662400
1641 4.450240
1642 4.713760
1643 4.645760
1644 4.532800
1645 4.532800
1646 4.722720
1647 4.533440
1648 4.504320
1649 4.879040
1650 4.777600
1651 4.542720
1652 4.842080
1653 4.794560
1654 6.109600
1655 6.168800
1656 5.970560
1657 6.200480
1658 6.220320
1659 5.961760
1660 6.226240
1661 5.966080
1662 6.378240
1663 6.227520
1664 5.975040
1665 6.225280
1666 6.015520
1667 6.273920
1668 6.187680
1669 6.017760
1670 6.202400
1671 6.042240
1672 6.349760
1673 6.251200
1674 6.196480
1675 6.267680
1676 6.098560
1677 6.323680
1678 6.252800
1679 6.432160
1680 6.286080
1681 6.063040
1682 6.396640
1683 6.280160
1684 6.230400
1685 6.296960
1686 6.076800
1687 6.367680
1688 6.480800
1689 6.313120
1690 6.330400
1691 6.256320
1692 6.325920
1693 6.305280
1694 6.352640
1695 6.372160
1696 6.460640
1697 6.351200
1698 6.101440
1699 6.505760
1700 6.410560
1701 6.422080
1702 6.381120
1703 6.126080
1704 6.548320
1705 6.470080
1706 6.382720
1707 6.566880
1708 6.358880
1709 6.467360
1710 6.245760
1711 6.534240
1712 6.399520
1713 6.572960
1714 6.499680
1715 6.266240
1716 6.640640
1717 6.488960
1718 6.679680
1719 6.512000
1720 6.509920
1721 6.514080
1722 6.315360
1723 6.701920
1724 6.528480
1725 6.623840
1726 6.533600
1727 6.734880
1728 6.600800
1729 6.533280
1730 6.653440
1731 6.598720
1732 6.625280
1733 6.606240
1734 6.592160
1735 6.736480
1736 6.376000
1737 6.778400
1738 6.692640
1739 6.627520
1740 6.820160
1741 6.610880
1742 6.704960
1743 6.478880
1744 6.763680
1745 6.698880
1746 6.967840
1747 6.645280
1748 7.055200
1749 6.694880
1750 6.445440
1751 6.968960
1752 6.778560
1753 6.805760
1754 6.795040
1755 7.005600
1756 6.857600
1757 6.862720
1758 6.795520
1759 6.547360
1760 7.007840
1761 6.871520
1762 6.922880
1763 6.900000
1764 7.158720
1765 6.867840
1766 6.845120
1767 6.871360
1768 6.626080
1769 7.124160
1770 7.064960
1771 6.990080
1772 6.944000
1773 6.968800
1774 6.995520
1775 6.877440
1776 6.944000
1777 6.708960
1778 6.996480
1779 6.732800
1780 7.070240
1781 6.987040
1782 7.213280
1783 7.019040
1784 6.996480
1785 6.989120
1786 6.952480
1787 7.020480
1788 6.720000
1789 7.110400
1790 7.029440
1791 7.257120
1792 7.015040
1793 7.094240
1794 7.051840
1795 7.255200
1796 7.127040
1797 7.070880
1798 7.089600
1799 6.865280
1800 7.158720
1801 6.854080
1802 7.304960
1803 7.177600
1804 7.222240
1805 7.174400
1806 7.376480
1807 7.223680
1808 7.228800
1809 7.211040
1810 7.463680
1811 7.161920
1812 6.996480
1813 7.255680
1814 7.028640
1815 7.395680
1816 7.233760
1817 7.470400
1818 7.310240
1819 7.371200
1820 7.254720
1821 7.376320
1822 7.338880
1823 7.332480
1824 7.428320
1825 7.534560
1826 7.482080
1827 7.348640
1828 7.398720
1829 7.348320
1830 7.420000
1831 7.204160
1832 7.419680
1833 7.323840
1834 7.665440
1835 7.512480
1836 7.700800
1837 7.464640
1838 7.925440
1839 7.542560
1840 7.725280
1841 7.557760
1842 7.673760
1843 7.586880
1844 7.799040
1845 7.622080
1846 7.696160
1847 7.853920
1848 7.683040
1849 7.648320
1850 7.635840
1851 7.761120
1852 7.740640
1853 7.794560
1854 7.687840
1855 7.730560
1856 7.701600
1857 7.707200
1858 7.799360
1859 7.719840
1860 7.771040
1861 7.777920
1862 7.742560
1863 7.824000
1864 7.850880
1865 7.897760
1866 7.791840
1867 7.844480
1868 7.893440
1869 8.050560
1870 7.856640
1871 7.833760
1872 7.922240
1873 7.844160
1874 7.875680
1875 7.827840
1876 7.830880
1877 7.891680
1878 8.046080
1879 7.839520
1880 7.900800
1881 7.829760
1882 7.930400
1883 7.857600
1884 7.954080
1885 7.916320
1886 7.960320
1887 7.887680
1888 7.954720
1889 7.915040
1890 7.955360
1891 7.860640
1892 7.897760
1893 7.907680
1894 7.996800
1895 7.913920
1896 7.977920
1897 7.839360
1898 8.044640
1899 7.873920
1900 8.073440
1901 8.114560
1902 8.027360
1903 7.823520
1904 7.925760
1905 7.814880
1906 7.867520
1907 7.799840
1908 7.922880
1909 8.008960
1910 7.988960
1911 8.146720
1912 7.920800
1913 7.926080
1914 7.970880
1915 7.976160
1916 8.028480
1917 7.991840
1918 8.181600
1919 8.179520
1920 7.987840
1921 8.260320
1922 8.025120
1923 8.226240
1924 8.036320
1925 8.143200
1926 8.065600
1927 7.973920
1928 7.672000
1929 8.069760
1930 7.959200
1931 8.001120
1932 7.928160
1933 8.159520
1934 7.960320
1935 8.043200
1936 8.325920
1937 8.100800
1938 8.056960
1939 8.112000
1940 8.109600
1941 8.047360
1942 8.060000
1943 8.068640
1944 8.144160
1945 8.220160
1946 8.263360
1947 8.131040
1948 8.226080
1949 8.141120
1950 8.180480
1951 7.845920
1952 8.122880
1953 8.056960
1954 8.204960
1955 8.071520
1956 8.231520
1957 8.171680
1958 8.146560
1959 8.492160
1960 8.222560
1961 8.316160
1962 8.380320
1963 8.292320
1964 8.204800
1965 8.319360
1966 8.304000
1967 8.356320
1968 7.946400
1969 8.136480
1970 8.099520
1971 8.263680
1972 8.132960
1973 8.201600
1974 8.105920
1975 8.103360
1976 8.119200
1977 8.140160
1978 8.141600
1979 8.163680
1980 8.359200
1981 8.158080
1982 8.337920
1983 8.193440
1984 8.296640
1985 8.177120
1986 8.700800
1987 7.836320
1988 8.097920
1989 8.388160
1990 8.163840
1991 8.011200
1992 8.117760
1993 8.027200
1994 8.095840
1995 8.019520
1996 8.077760
1997 7.945920
1998 8.031680
1999 8.234560
2000 7.997440
2001 7.991200
2002 8.055360
2003 7.956960
2004 7.968640
2005 8.027360
2006 8.000960
2007 8.053280
2008 7.866240
2009 8.050400
2010 8.137440
2011 7.919680
2012 7.691360
2013 7.843040
2014 7.759200
2015 7.771840
2016 7.647680
2017 7.830400
2018 7.604480
2019 7.741920
2020 7.625280
2021 7.767520
2022 7.413760
2023 7.711840
2024 7.347360
2025 7.710560
2026 7.457120
2027 7.783360
2028 7.396640
2029 7.692000
2030 7.270240
2031 8.370560
2032 7.281920
2033 7.779680
2034 7.629120
2035 7.555680
2036 7.229920
2037 7.774560
2038 7.619840
2039 7.525920
2040 7.154240
2041 7.643520
2042 7.412480
2043 7.563360
2044 7.420160
2045 7.495840
2046 7.393600
2047 7.488800
2048 7.316480
2049 7.512320
2050 7.343360
2051 7.335360
2052 7.251040
2053 7.202720
2054 7.324000
2055 7.120480
2056 7.218240
2057 6.934240
2058 7.754400
2059 6.968960
2060 7.334720
2061 7.436480
2062 7.481760
2063 7.241440
2064 7.227360
2065 7.204800
2066 7.190560
2067 7.203040
2068 7.368160
2069 7.167360
2070 6.834720
2071 7.087840
2072 6.788480
2073 7.153920
2074 7.082080
2075 7.156000
2076 7.199520
2077 7.074240
2078 7.041600
2079 6.978560
2080 7.010880
2081 6.894080
2082 6.987360
2083 6.723840
2084 7.117600
2085 6.730400
2086 7.065600
2087 6.996480
2088 7.195840
2089 7.021760
2090 6.877760
2091 6.922560
2092 6.645920
2093 7.010720
2094 6.715360
2095 7.039040
2096 6.913760
2097 7.119200
2098 6.940800
2099 6.789920
2100 6.856800
2101 6.487040
2102 6.827360
2103 6.525600
2104 6.860960
2105 6.764960
2106 6.750720
2107 6.809120
2108 6.678560
2109 6.808160
2110 6.513280
2111 6.970560
2112 6.795520
2113 7.114720
2114 6.682400
2115 6.688640
2116 6.768320
2117 6.460640
2118 6.699360
2119 6.540960
2120 6.972320
2121 6.734240
2122 6.801440
2123 6.676800
2124 6.516160
2125 6.680160
2126 6.370240
2127 6.864640
2128 6.633280
2129 6.576160
2130 6.571840
2131 6.319200
2132 6.485760
2133 6.231520
2134 6.782080
2135 6.526880
2136 6.689760
2137 6.476800
2138 6.398400
2139 6.444320
2140 6.100960
2141 6.475200
2142 6.368000
2143 6.215680
2144 6.356640
2145 6.071360
2146 6.519040
2147 6.358240
2148 6.727520
2149 6.293600
2150 5.930080
2151 6.170720
2152 5.869760
2153 6.209280
2154 6.172000
2155 5.876960
2156 6.989120
2157 5.827520
2158 6.103520
2159 6.146240
2160 5.818720
2161 6.222560
2162 6.014400
2163 5.920320
2164 5.998720
2165 5.689920
2166 6.108320
2167 5.939520
2168 5.950400
2169 5.975520
2170 5.677120
2171 5.994240
2172 5.887360
2173 5.667680
2174 6.080000
2175 5.941280
2176 5.850720
2177 5.947680
2178 5.904160
2179 5.953760
2180 5.776480
2181 5.935840
2182 5.896800
2183 5.631520
2184 5.868480
2185 5.887200
2186 5.609280
2187 5.972640
2188 5.775680
2189 5.503840
2190 5.765600
2191 5.508480
2192 5.805120
2193 5.725600
2194 5.426720
2195 5.808640
2196 5.661760
2197 5.470720
2198 5.959040
2199 5.446400
2200 5.563040
2201 5.684480
2202 5.440960
2203 5.658720
2204 5.666240
2205 5.274400
2206 5.641760
2207 5.571520
2208 5.552320
2209 5.980960
2210 5.329920
2211 5.245760
2212 5.527680
2213 5.260480
2214 5.416000
2215 5.537920
2216 5.712960
2217 5.459840
2218 5.457440
2219 5.174880
2220 5.617120
2221 5.417440
2222 5.112640
2223 5.549760
2224 5.426080
2225 5.152160
2226 5.261760
2227 4.971840
2228 4.971360
2229 5.267360
2230 4.972160
2231 4.967520
2232 5.209600
2233 5.080160
2234 4.901120
2235 5.160800
2236 4.907840
2237 5.077760
2238 5.149920
2239 4.799520
2240 5.032320
2241 5.003520
2242 4.757760
2243 4.737120
2244 5.118240
2245 4.987520
2246 4.812480
2247 5.106560
2248 4.914080
2249 4.683680
2250 5.056000
2251 4.955680
2252 4.704160
2253 4.957440
2254 4.925440
2255 4.759360
2256 4.917120
2257 5.001600
2258 4.646240
2259 4.911040
2260 4.859680
2261 4.613440
2262 4.561760
2263 4.844960
2264 4.590240
2265 4.596800
2266 4.818240
2267 4.595360
2268 4.566240
2269 4.865120
2270 4.806080
2271 4.535520
2272 4.933280
2273 4.787680
2274 4.587520
2275 4.761280
2276 4.759040
2277 4.584800
2278 4.532480
2279 4.756800
2280 4.493280
2281 4.490080
2282 4.879040
2283 4.754400
2284 4.520640
2285 4.815680
2286 4.778560
2287 4.778720
2288 4.771360
2289 4.636960
2290 4.726080
2291 4.680320
2292 4.757920
2293 4.690560
2294 4.484480
2295 4.853920
2296 4.734080
2297 4.718080
2298 4.985120
2299 4.619840
2300 4.362720
2301 4.802560
2302 4.612000
2303 4.386880
2304 4.353120
2305 4.616320
2306 4.351520
2307 4.393120
2308 4.784480
2309 4.623360
2310 4.350880
2311 4.599680
2312 4.566400
2313 4.404160
2314 4.335520
2315 4.715520
2316 4.579840
2317 4.344640
2318 4.640320
2319 4.600160
2320 4.340640
2321 4.582240
2322 4.558560
2323 4.588960
2324 4.492640
2325 4.683680
2326 4.250080
2327 4.275360
2328 4.683360
2329 4.428800
2330 4.195840
2331 4.420960
2332 4.485600
2333 4.267040
2334 4.229440
2335 4.624480
2336 4.401920
2337 4.228480
2338 4.437600
2339 4.500960
2340 4.203040
2341 4.203040
2342 4.959360
2343 4.212640
2344 4.171360
2345 4.385760
2346 4.420480
2347 4.172960
2348 4.173920
2349 4.524800
2350 4.340160
2351 4.106880
2352 4.357600
2353 4.263840
2354 4.091200
2355 4.078720
2356 4.445440
2357 4.278880
2358 4.079680
2359 4.470400
2360 4.262880
2361 4.089920
2362 4.038880
2363 4.288640
2364 4.230400
2365 4.008320
2366 3.987680
2367 4.385440
2368 4.284160
2369 3.991200
2370 4.201120
2371 4.205760
2372 3.966720
2373 4.007520
2374 4.176160
2375 4.067680
2376 3.910880
2377 3.887840
2378 4.172640
2379 4.029600
2380 3.868960
2381 3.917760
2382 4.078080
2383 3.883040
2384 3.886880
2385 4.070080
2386 4.088960
2387 3.896640
2388 4.040480
2389 4.154720
2390 4.071040
2391 3.856320
2392 3.841760
2393 4.088480
2394 3.841760
2395 3.799680
2396 3.964320
2397 4.112320
2398 3.808640
2399 3.786560
2400 4.041760
2401 3.973760
2402 3.750400
2403 3.792640
2404 4.067200
2405 4.110240
2406 3.804320
2407 3.764640
2408 4.138560
2409 3.969120
2410 3.799360
2411 3.821760
2412 4.506400
2413 3.835200
2414 3.852960
2415 4.168960
2416 3.970080
2417 3.783040
2418 3.787520
2419 3.941120
2420 4.068640
2421 3.827200
2422 3.837600
2423 4.048000
2424 4.004960
2425 3.826880
2426 3.954080
2427 4.073600
2428 4.008960
2429 3.814080
2430 3.829600
2431 4.119200
2432 3.943520
2433 3.997440
2434 3.809760
2435 3.987680
2436 3.837440
2437 3.813600
2438 4.075040
2439 3.978400
2440 3.820640
2441 3.867360
2442 4.148960
2443 4.047200
2444 3.801120
2445 3.864480
2446 4.109120
2447 3.964960
2448 3.975840
2449 3.825920
2450 4.146240
2451 3.876160
2452 4.004800
2453 3.852800
2454 4.001760
2455 3.793440
2456 3.830720
2457 4.000640
2458 4.052160
2459 3.845600
2460 3.731840
2461 3.902080
2462 3.930080
2463 3.768640
2464 3.733120
2465 3.897760
2466 3.918400
2467 3.779200
2468 3.727680
2469 3.947360
2470 3.918400
2471 3.731040
2472 3.693760
2473 3.956640
2474 3.895360
2475 3.720480
2476 3.723520
2477 3.984480
2478 4.037920
2479 3.728160
2480 3.719360
2481 3.998720
2482 3.902880
2483 3.720320
2484 3.699680
2485 4.056960
2486 3.888320
2487 3.705280
2488 3.720320
2489 4.767360
2490 3.733600
2491 3.738240
2492 3.712000
2493 3.928640
2494 3.766560
2495 3.738880
2496 3.727040
2497 3.897920
2498 3.748640
2499 3.749920
2500 3.893920
2501 3.877280
2502 3.731520
2503 3.708320
2504 3.924960
2505 3.922080
2506 3.706560
2507 3.723680
2508 4.065440
2509 3.847360
2510 3.706240
2511 3.734080
2512 3.940480
2513 3.860800
2514 3.666560
2515 3.592480
2516 3.800640
2517 3.795200
2518 3.630880
2519 3.650400
2520 3.832480
2521 3.913760
2522 3.648640
2523 3.627840
2524 3.833600
2525 3.909920
2526 3.591840
2527 3.577600
2528 3.821760
2529 3.786240
2530 3.583840
2531 3.564000
2532 3.909280
2533 3.716480
2534 3.525120
2535 3.544000
2536 3.889280
2537 3.734080
2538 3.534560
2539 3.538560
2540 3.526560
2541 3.663360
2542 3.529600
2543 3.532000
2544 3.522400
2545 3.564960
2546 3.431520
2547 3.416800
2548 3.370720
2549 3.751840
2550 3.552800
2551 3.442400
2552 3.400960
2553 3.640000
2554 3.601760
2555 3.380320
2556 3.382720
2557 3.598720
2558 3.580160
2559 3.381760
2560 3.331520
2561 3.372160
2562 3.557120
2563 3.337760
2564 3.360800
2565 3.335840
2566 3.565280
2567 3.479200
2568 3.328000
2569 3.323360
2570 3.512320
2571 3.500480
2572 3.385280
2573 3.310080
2574 3.321280
2575 3.474560
2576 3.332960
2577 3.339840
2578 3.316960
2579 3.564480
2580 3.400640
2581 3.283520
2582 3.242080
2583 3.461760
2584 3.364480
2585 3.222720
2586 3.214080
2587 3.246400
2588 3.613440
2589 3.396640
2590 3.280640
2591 3.249280
2592 3.374400
2593 3.373280
2594 3.265920
2595 3.211200
2596 3.232320
2597 3.482080
2598 3.385600
2599 3.256640
2600 3.209440
2601 3.477600
2602 3.320320
2603 3.173600
2604 3.235040
2605 3.164640
2606 3.528320
2607 3.365760
2608 3.249440
2609 3.222240
2610 3.388000
2611 3.313440
2612 3.209600
2613 3.198080
2614 3.182240
2615 3.520160
2616 3.351520
2617 3.223840
2618 3.170720
2619 3.423520
2620 3.248000
2621 3.121280
2622 3.112160
2623 3.084160
2624 3.225920
2625 3.146720
2626 3.100160
2627 3.072480
2628 3.305440
2629 3.231200
2630 3.104800
2631 3.075840
2632 3.068800
2633 3.324960
2634 3.230560
2635 3.098400
2636 3.086560
2637 3.069440
2638 3.196480
2639 3.087680
2640 3.073440
2641 3.071840
2642 3.305920
2643 3.244640
2644 3.052640
2645 3.066720
2646 3.081440
2647 3.708320
2648 3.046880
2649 3.088960
2650 3.021920
2651 3.076320
2652 3.166240
2653 3.063360
2654 3.041760
2655 3.053600
2656 3.377440
2657 3.168640
2658 3.050240
2659 3.033440
2660 3.038400
2661 3.308960
2662 3.169440
2663 3.063680
2664 2.988320
2665 3.152000
2666 3.222240
2667 3.026240
2668 3.017440
2669 3.058240
2670 3.179840
2671 3.137440
2672 2.995200
2673 2.985600
2674 2.998720
2675 3.197440
2676 3.063680
2677 3.110720
2678 2.981440
2679 2.954400
2680 3.261280
2681 3.096640
2682 2.944160
2683 2.937920
2684 2.925280
2685 3.044000
2686 2.908960
2687 2.892480
2688 2.879520
2689 2.892480
2690 2.999840
2691 2.913600
2692 2.915040
2693 2.898400
2694 2.905760
2695 3.052160
2696 2.931840
2697 2.890720
2698 2.869600
2699 3.018400
2700 3.043360
2701 2.928800
2702 2.910240
2703 2.885120
2704 3.105280
2705 3.029920
2706 2.912000
2707 2.865280
2708 2.991200
2709 3.100000
2710 3.034400
2711 3.042080
2712 2.911360
2713 2.930560
2714 3.266880
2715 3.015040
2716 2.872160
2717 2.904960
2718 2.871520
2719 3.124960
2720 3.055680
2721 2.904800
2722 2.924800
2723 3.002880
2724 3.209280
2725 3.045920
2726 2.918560
2727 2.884960
2728 2.914080
2729 3.096000
2730 3.065440
2731 2.946720
2732 3.049760
2733 2.949600
2734 3.139200
2735 3.006400
2736 2.930560
2737 2.897760
2738 2.871360
2739 3.176640
2740 3.025920
2741 2.944480
2742 2.810240
2743 2.817760
2744 3.056160
2745 2.963200
2746 2.794080
2747 2.782080
2748 2.788640
2749 3.010400
2750 2.879040
2751 2.796000
2752 2.748000
2753 2.805600
2754 3.286240
2755 2.934240
2756 2.752480
2757 2.865760
2758 2.720160
2759 2.886080
2760 2.800480
2761 2.658560
2762 2.681600
2763 2.658240
2764 2.874240
2765 2.785920
2766 2.633440
2767 2.651840
2768 2.600320
2769 2.849120
2770 2.741280
2771 2.664960
2772 2.605440
2773 2.631040
2774 2.679680
2775 2.710400
2776 2.715840
2777 2.595360
2778 2.615040
2779 2.573440
2780 2.806560
2781 2.733440
2782 2.640960
2783 2.602720
2784 2.575200
2785 2.570880
2786 2.697920
2787 2.666080
2788 2.601280
2789 2.562080
2790 2.512640
2791 2.835840
2792 2.719520
2793 2.556800
2794 2.591360
2795 2.588960
2796 2.814880
2797 2.613440
2798 2.538400
2799 2.544480
2800 2.569440
2801 2.523520
2802 2.742880
2803 2.647680
2804 2.531360
2805 2.587520
2806 2.655680
2807 2.745280
2808 2.595840
2809 2.574880
2810 2.534560
2811 2.507520
2812 2.497600
2813 3.085920
2814 2.656480
2815 2.569600
2816 2.586240
2817 2.501920
2818 2.526560
2819 2.662720
2820 2.527680
2821 2.539200
2822 2.537120
2823 2.554400
2824 2.660640
2825 2.701920
2826 2.566880
2827 2.576640
2828 2.549920
2829 2.495520
2830 2.811520
2831 2.648640
2832 2.544480
2833 2.556480
2834 2.538880
2835 2.910240
2836 2.672800
2837 2.558400
2838 2.671040
2839 2.535360
2840 2.510880
2841 2.624480
2842 2.528320
2843 2.656160
2844 2.579840
2845 2.543680
2846 2.794880
2847 2.660000
2848 2.516640
2849 2.568800
2850 2.564640
2851 2.718400
2852 2.593600
2853 2.536000
2854 2.559200
2855 2.559840
2856 2.515840
2857 2.778080
2858 2.616320
2859 2.560800
2860 2.566240
2861 2.550240
2862 2.714240
2863 2.720320
2864 2.559040
2865 2.569120
2866 2.549760
2867 2.555040
2868 2.813440
2869 2.638560
2870 2.531520
2871 2.576320
2872 2.559840
2873 2.862240
2874 2.668960
2875 2.575200
2876 2.520320
2877 2.580800
2878 2.488800
2879 2.740640
2880 2.643680
2881 2.578720
2882 2.538240
2883 2.573760
2884 2.523040
2885 2.657440
2886 2.548160
2887 2.555520
2888 2.554400
2889 2.557440
2890 2.864800
2891 2.665600
2892 2.569920
2893 2.569920
2894 2.566240
2895 2.592800
2896 2.862880
2897 2.673120
2898 2.543040
2899 2.565440
2900 2.685440
2901 2.792640
2902 2.674560
2903 2.526400
2904 2.562720
2905 2.573920
2906 2.591520
2907 2.808640
2908 2.733280
2909 2.561120
2910 2.684960
2911 2.615360
2912 2.811040
2913 2.738560
2914 2.609280
2915 2.617280
2916 2.620000
2917 2.559520
2918 2.851520
2919 2.673760
2920 2.583040
2921 2.591040
2922 2.575680
2923 2.840960
2924 2.730720
2925 2.633760
2926 2.628480
2927 2.624960
2928 2.634240
2929 2.714880
2930 2.724160
2931 2.624000
2932 2.651040
2933 2.642880
2934 2.832000
2935 2.694400
2936 2.654880
2937 2.636640
2938 2.740640
2939 2.875040
2940 2.857760
2941 2.632000
2942 2.674720
2943 2.597600
2944 2.853120
2945 2.700800
2946 2.608480
2947 2.614400
2948 2.667680
2949 2.664160
2950 2.906400
2951 2.729920
2952 2.657120
2953 2.705440
2954 2.620640
2955 2.867680
2956 2.731040
2957 2.698720
2958 2.685120
2959 2.717440
2960 2.903360
2961 2.814080
2962 2.683200
2963 2.697760
2964 2.692320
2965 2.841760
2966 2.852640
2967 2.707840
2968 2.698880
2969 2.705920
2970 2.714240
2971 2.852160
2972 2.726400
2973 2.749120
2974 2.851200
2975 2.956960
2976 2.859680
2977 2.745440
2978 2.770400
2979 2.763520
2980 2.716320
2981 2.872480
2982 2.777920
2983 2.732480
2984 2.790400
2985 2.741920
2986 2.872000
2987 2.755520
2988 2.832000
2989 2.823200
2990 2.818560
2991 2.954560
2992 2.782240
2993 2.855200
2994 2.807200
2995 2.781120
2996 3.542560
2997 2.843200
2998 2.770400
2999 2.803360
3000 2.838080
3001 3.171840
3002 3.003840
3003 2.869600
3004 2.807200
3005 2.996160
3006 3.148800
3007 3.044160
3008 2.821760
3009 2.785600
3010 2.853120
3011 3.024320
3012 2.932960
3013 2.852320
3014 2.841920
3015 2.778240
3016 3.006240
3017 2.932160
3018 2.835200
3019 2.813920
3020 2.844640
3021 3.060960
3022 3.064800
3023 2.823840
3024 2.817760
3025 2.824000
3026 3.081280
3027 2.963200
3028 2.816000
3029 2.899040
3030 2.886240
3031 3.025920
3032 2.928160
3033 2.906720
3034 2.881600
3035 2.827200
3036 2.980800
3037 2.834720
3038 2.931360
3039 2.915200
3040 2.910720
3041 2.950880
3042 2.906400
3043 2.842880
3044 2.885760
3045 2.965440
3046 3.001120
3047 2.892160
3048 2.950560
3049 2.859520
3050 3.077600
3051 3.070080
3052 2.906240
3053 2.911040
3054 2.882400
3055 2.784160
3056 2.654560
3057 2.717760
3058 2.590080
3059 2.562880
3060 2.513280
3061 2.808960
3062 2.664480
3063 2.599520
3064 2.559680
3065 2.483360
3066 2.754080
3067 2.569280
3068 2.502880
3069 2.484320
3070 2.510880
3071 2.539200
3072 2.811360
3073 2.698560
3074 2.579840
3075 2.582080
3076 2.678400
3077 2.777760
3078 2.640960
3079 2.608960
3080 2.614560
3081 2.601120
3082 2.616640
3083 2.890560
3084 2.681920
3085 2.605920
3086 2.593920
3087 2.580960
3088 2.797760
3089 2.630240
3090 2.600480
3091 2.564960
3092 2.552640
3093 2.684480
3094 2.806400
3095 2.696000
3096 2.560160
3097 2.577760
3098 2.614560
3099 2.591840
3100 2.648800
3101 2.577120
3102 2.615680
3103 2.719840
3104 2.633120
3105 2.710400
3106 2.576480
3107 2.623360
3108 2.587840
3109 2.695200
3110 3.122720
3111 2.644800
3112 2.612160
3113 2.581120
3114 2.588320
3115 2.821920
3116 2.668000
3117 2.554880
3118 2.596320
3119 2.584960
3120 2.766560
3121 2.888800
3122 2.703680
3123 2.601120
3124 2.573120
3125 2.817920
3126 2.844160
3127 2.755840
3128 2.654880
3129 2.715840
3130 2.713120
3131 2.742080
3132 2.898240
3133 2.802080
3134 2.794560
3135 2.838720
3136 2.768480
3137 2.847680
3138 2.782400
3139 2.794880
3140 2.717440
3141 2.764320
3142 2.860000
3143 2.772800
3144 2.782080
3145 2.756160
3146 2.753280
3147 3.734880
3148 2.785920
3149 2.788320
3150 2.858880
3151 2.859360
3152 3.162880
3153 2.896320
3154 2.873440
3155 2.891680
3156 3.031840
3157 3.903200
3158 2.888960
3159 2.899840
3160 2.883520
3161 2.905120
3162 2.984640
3163 2.920320
3164 2.913280
3165 2.928800
3166 2.918080
3167 3.043200
3168 2.908000
3169 2.932960
3170 2.931520
3171 3.239360
3172 3.030400
3173 2.969600
3174 2.983200
3175 2.972800
3176 3.130560
3177 3.054560
3178 2.940800
3179 2.953280
3180 2.994080
3181 3.318080
3182 3.182880
3183 2.996960
3184 2.928480
3185 3.007680
3186 3.261440
3187 3.144480
3188 3.008800
3189 3.014720
3190 3.095040
3191 3.221600
3192 3.146400
3193 3.116800
3194 3.112160
3195 3.319840
3196 3.186560
3197 3.145280
3198 3.154880
3199 3.177760
3200 3.406880
3201 3.310240
3202 3.169280
3203 3.151680
3204 3.332000
3205 3.250080
3206 3.189920
3207 3.150560
3208 3.170080
3209 3.556000
3210 3.314560
3211 3.200160
3212 3.240160
3213 3.189440
3214 3.330400
3215 3.214240
3216 3.322880
3217 3.159200
3218 3.404000
3219 3.340320
3220 3.230400
3221 3.204800
3222 3.193280
3223 3.410560
3224 3.257120
3225 3.352640
3226 3.294720
3227 3.385760
3228 3.414720
3229 3.292480
3230 3.436960
3231 3.569120
3232 3.440320
3233 3.264640
3234 3.310720
3235 3.518720
3236 3.438080
3237 3.265600
3238 3.288000
3239 3.330880
3240 3.705760
3241 3.361440
3242 3.259040
3243 3.466400
3244 3.562880
3245 3.399520
3246 3.294080
3247 3.309600
3248 3.276000
3249 3.399200
3250 3.279360
3251 3.287200
3252 3.304800
3253 3.591840
3254 3.449280
3255 3.288480
3256 3.279360
3257 3.507680
3258 3.440160
3259 3.281920
3260 3.311680
3261 3.253280
3262 3.446720
3263 3.319200
3264 3.300640
3265 3.262560
3266 3.511360
3267 3.446720
3268 3.328960
3269 3.301760
3270 3.505600
3271 3.505280
3272 3.379200
3273 3.359360
3274 3.285760
3275 3.688960
3276 3.431360
3277 3.320960
3278 3.352000
3279 3.710720
3280 3.515360
3281 3.346240
3282 3.361280
3283 3.362240
3284 3.500640
3285 3.355680
3286 3.387040
3287 3.377440
3288 3.513920
3289 3.384480
3290 3.409920
3291 3.394240
3292 3.600800
3293 3.484640
3294 3.381600
3295 3.336800
3296 3.626240
3297 3.513120
3298 3.369440
3299 3.391200
3300 3.440480
3301 3.623520
3302 3.584800
3303 3.472800
3304 3.454560
3305 3.584160
3306 3.583040
3307 3.463360
3308 3.483520
3309 3.806560
3310 3.616000
3311 3.462240
3312 3.447520
3313 3.703520
3314 3.678560
3315 3.485440
3316 3.517280
3317 3.759040
3318 3.749920
3319 3.544000
3320 3.454240
3321 3.720160
3322 3.610080
3323 3.563040
3324 3.546560
3325 3.704800
3326 3.674880
3327 3.521120
3328 3.522560
3329 3.564000
3330 3.719200
3331 3.565760
3332 3.578080
3333 3.734400
3334 3.715360
3335 3.582080
3336 3.547200
3337 3.576160
3338 3.741600
3339 3.605760
3340 3.727680
3341 3.571360
3342 3.710240
3343 3.565600
3344 3.612480
3345 3.610720
3346 3.727840
3347 3.590240
3348 3.608960
3349 3.590400
3350 3.713120
3351 3.712640
3352 3.659040
3353 3.708320
3354 3.902400
3355 3.743040
3356 3.688160
3357 3.723360
3358 3.836640
3359 3.696160
3360 3.717120
3361 4.445280
3362 3.850720
3363 3.747360
3364 3.776160
3365 4.001120
3366 3.913760
3367 3.743680
3368 3.902400
3369 4.020480
3370 3.949920
3371 3.746560
3372 3.758560
3373 4.035360
3374 4.028000
3375 3.904160
3376 3.759360
3377 4.095840
3378 3.947200
3379 3.761920
3380 3.787520
3381 3.900000
3382 3.804320
3383 3.789440
3384 3.810400
3385 3.995040
3386 3.817280
3387 3.775200
3388 3.986560
3389 4.022080
3390 3.796480
3391 3.808320
3392 4.042240
3393 4.014560
3394 3.848160
3395 3.818240
3396 4.061120
3397 3.983520
3398 3.861600
3399 3.867040
3400 4.597120
3401 3.898240
3402 3.853600
3403 4.037920
3404 4.068960
3405 3.922880
3406 3.827840
3407 4.227360
3408 4.057120
3409 3.893760
3410 3.896800
3411 4.076960
3412 4.084640
3413 3.894880
3414 3.881920
3415 4.145760
3416 4.027360
3417 3.862400
3418 3.864160
3419 3.973280
3420 3.842560
3421 3.805440
3422 3.986240
3423 4.049920
3424 3.913280
3425 3.862080
3426 4.070240
3427 3.999680
3428 3.902880
3429 3.821760
3430 4.209280
3431 4.062080
3432 3.955840
3433 3.954880
3434 4.623200
3435 3.939360
3436 3.902560
3437 4.138720
3438 4.112320
3439 3.953280
3440 3.944480
3441 4.224160
3442 4.083360
3443 3.942560
3444 3.917120
3445 4.292640
3446 4.091680
3447 3.916800
3448 3.880960
3449 4.064640
3450 3.913760
3451 3.906400
3452 4.108160
3453 4.109280
3454 3.903520
3455 3.942400
3456 4.151520
3457 4.098240
3458 3.898080
3459 3.903040
3460 4.231200
3461 4.290720
3462 3.960640
3463 3.959200
3464 4.105440
3465 3.945440
3466 3.925120
3467 4.157280
3468 4.142560
3469 4.115360
3470 4.179840
3471 4.324960
3472 4.271680
3473 4.035040
3474 4.197440
3475 4.212320
3476 4.065440
3477 4.033760
3478 4.315040
3479 4.261600
3480 4.065120
3481 3.999200
3482 4.438400
3483 4.443680
3484 4.094880
3485 4.419520
3486 4.192160
3487 4.024800
3488 4.068160
3489 4.335040
3490 4.259040
3491 4.098080
3492 4.030880
3493 4.240960
3494 4.077920
3495 4.082880
3496 4.361920
3497 4.293280
3498 4.089920
3499 4.066240
3500 4.306240
3501 4.265280
3502 4.044000
3503 4.482560
3504 4.328320
3505 4.132320
3506 4.358560
3507 4.300320
3508 4.086880
3509 4.084800
3510 4.329440
3511 4.349280
3512 4.100320
3513 4.126560
3514 4.423200
3515 4.308320
3516 4.121120
3517 4.264800
3518 4.313280
3519 4.250880
3520 4.246240
3521 4.512640
3522 4.423040
3523 4.222240
3524 4.399360
3525 4.431360
3526 4.274240
3527 4.240960
3528 4.532960
3529 4.437600
3530 4.237120
3531 4.447520
3532 4.429120
3533 4.283840
3534 4.199840
3535 4.581760
3536 4.449120
3537 4.268000
3538 4.511040
3539 4.512640
3540 4.277760
3541 4.309920
3542 4.443840
3543 4.319360
3544 4.264160
3545 4.566080
3546 4.579200
3547 4.391200
3548 4.547040
3549 4.573920
3550 4.358720
3551 4.382080
3552 4.836000
3553 4.591200
3554 4.421600
3555 4.634560
3556 4.584320
3557 4.395840
3558 4.593600
3559 4.620960
3560 4.444480
3561 4.440480
3562 4.811520
3563 4.647520
3564 4.506720
3565 4.751360
3566 4.688000
3567 4.458880
3568 4.702240
3569 4.674400
3570 4.490080
3571 4.456640
3572 4.719360
3573 4.722720
3574 4.507040
3575 4.916480
3576 4.781920
3577 4.568800
3578 5.024160
3579 4.832800
3580 4.617600
3581 4.948960
3582 4.814560
3583 4.640640
3584 4.833920
3585 4.913600
3586 4.680000
3587 4.848800
3588 4.900320
3589 4.656640
3590 4.656000
3591 5.034400
3592 4.855680
3593 4.659840
3594 5.022080
3595 4.853600
3596 4.694720
3597 4.935680
3598 4.903520
3599 4.714880
3600 4.983680
3601 4.899840
3602 4.691360
3603 4.916320
3604 4.953600
3605 4.719680
3606 4.957440
3607 4.964160
3608 4.714720
3609 4.956160
3610 4.968160
3611 4.768000
3612 4.725760
3613 5.001760
3614 4.863200
3615 4.856800
3616 5.705280
3617 4.911520
3618 4.872640
3619 5.255360
3620 4.900640
3621 4.861120
3622 5.106720
3623 4.923520
3624 5.435680
3625 5.117760
3626 4.911680
3627 4.889920
3628 5.137760
3629 4.971520
3630 4.897440
3631 5.123840
3632 4.885120
3633 4.897440
3634 5.156000
3635 4.948000
3636 4.918720
3637 5.272480
3638 5.225280
3639 4.928480
3640 5.135680
3641 4.964000
3642 4.957440
3643 5.145600
3644 4.887840
3645 5.176000
3646 5.166720
3647 4.962240
3648 5.022080
3649 6.307840
3650 5.038560
3651 5.251840
3652 5.231840
3653 5.023680
3654 5.242720
3655 5.238720
3656 5.270400
3657 5.239520
3658 5.240160
3659 5.063680
3660 5.246080
3661 5.268640
3662 5.039840
3663 5.257600
3664 5.299360
3665 5.003680
3666 5.426080
3667 5.262560
3668 4.981600
3669 5.506720
3670 5.244960
3671 5.028960
3672 5.309920
3673 5.285280
3674 5.035520
3675 5.345120
3676 5.242240
3677 5.041760
3678 5.401600
3679 5.241760
3680 5.040320
3681 5.412000
3682 5.350240
3683 5.056000
3684 5.815840
3685 5.080960
3686 5.014720
3687 5.464000
3688 5.289600
3689 5.041600
3690 5.252800
3691 5.041440
3692 5.196480
3693 5.307200
3694 5.006400
3695 5.236960
3696 5.239680
3697 5.023200
3698 5.304160
3699 5.238560
3700 5.043520
3701 5.274880
3702 5.337760
3703 5.028800
3704 5.306560
3705 5.280640
3706 5.034400
3707 5.364000
3708 5.363680
3709 5.132800
3710 5.417280
3711 5.383040
3712 5.147840
3713 5.459680
3714 5.358400
3715 5.144960
3716 5.496160
3717 5.408160
3718 5.156320
3719 5.393600
3720 5.165280
3721 5.151360
3722 5.446720
3723 5.224480
3724 5.447040
3725 5.433440
3726 5.181600
3727 5.701920
3728 5.553440
3729 5.196000
3730 5.588800
3731 5.455680
3732 5.227360
3733 5.603040
3734 5.463520
3735 5.287520
3736 5.453440
3737 5.234080
3738 5.450240
3739 5.469920
3740 5.275840
3741 5.500960
3742 5.598080
3743 5.271840
3744 5.578080
3745 5.559040
3746 5.531200
3747 5.642080
3748 5.591360
3749 5.396640
3750 5.629440
3751 5.390400
3752 5.597600
3753 5.791520
3754 5.648480
3755 5.751840
3756 5.660000
3757 5.408480
3758 6.513760
3759 5.368000
3760 5.536160
3761 5.658560
3762 5.408000
3763 5.702880
3764 5.649760
3765 5.372640
3766 5.896800
3767 5.715840
3768 5.413120
3769 5.663520
3770 5.414720
3771 5.878720
3772 5.733120
3773 5.482240
3774 5.744960
3775 5.696480
3776 5.441120
3777 5.833280
3778 5.716800
3779 5.609280
3780 5.727040
3781 5.502400
3782 5.685440
3783 5.715200
3784 5.449280
3785 5.898560
3786 5.717280
3787 5.442400
3788 5.772000
3789 5.512640
3790 5.947360
3791 5.747040
3792 5.502880
3793 5.840640
3794 5.848160
3795 5.596160
3796 6.759200
3797 5.554560
3798 5.863040
3799 5.879840
3800 5.605440
3801 5.924160
3802 5.788960
3803 5.515520
3804 5.849600
3805 5.595680
3806 5.813280
3807 5.805280
3808 5.549280
3809 5.951520
3810 5.885920
3811 5.592320
3812 5.900800
3813 5.579840
3814 5.794880
3815 5.917280
3816 5.628960
3817 5.988160
3818 5.929760
3819 5.773120
3820 5.920320
3821 5.681760
3822 5.948160
3823 5.940320
3824 5.658720
3825 6.112640
3826 5.961440
3827 5.901440
3828 5.936960
3829 5.692800
3830 6.002880
3831 5.918880
3832 5.943680
3833 6.047520
3834 5.695840
3835 6.007680
3836 6.057600
3837 5.780640
3838 6.853440
3839 5.829920
3840 6.071840
3841 6.142720
3842 5.903840
3843 6.269280
3844 6.153120
3845 6.408800
3846 6.163040
3847 5.885120
3848 6.249600
3849 6.159360
3850 6.118560
3851 6.370240
3852 5.876160
3853 6.310400
3854 6.139360
3855 6.416480
3856 6.172800
3857 5.912640
3858 6.239200
3859 6.205600
3860 6.414080
3861 6.226880
3862 5.911680
3863 6.359360
3864 6.210880
3865 6.386720
3866 6.269280
3867 5.987200
3868 6.432320
3869 6.252640
3870 6.320640
3871 6.307520
3872 6.206880
3873 6.311360
3874 5.992800
3875 6.438400
3876 6.340800
3877 6.330240
3878 6.407040
3879 6.113600
3880 6.462240
3881 6.389280
3882 6.610560
3883 6.422720
3884 6.145120
3885 6.529280
3886 6.505280
3887 6.442080
3888 6.478240
3889 6.170880
3890 6.490080
3891 6.523680
3892 6.532800
3893 6.574240
3894 6.445440
3895 6.489120
3896 6.190720
3897 6.633600
3898 6.513440
3899 6.762240
3900 6.531360
3901 6.423520
3902 6.496480
3903 6.225280
3904 6.640000
3905 6.576480
3906 6.644800
3907 6.553280
3908 6.219520
3909 6.577440
3910 6.325920
3911 6.695040
3912 6.556800
3913 6.487680
3914 6.546880
3915 6.467040
3916 7.566560
3917 6.208000
3918 6.604000
3919 6.540000
3920 6.460480
3921 6.534880
3922 6.495520
3923 6.656480
3924 6.547040
3925 6.615840
3926 6.524320
3927 6.422720
3928 6.581120
3929 6.272160
3930 6.688480
3931 6.546080
3932 6.480160
3933 6.579520
3934 6.211200
3935 6.544800
3936 6.222240
3937 6.651200
3938 6.561120
3939 6.528960
3940 6.549120
3941 6.302400
3942 6.736960
3943 6.599840
3944 6.615360
3945 6.618400
3946 6.493760
3947 6.640640
3948 6.292000
3949 6.579680
3950 6.303040
3951 6.673280
3952 6.584160
3953 6.556800
3954 6.612160
3955 6.314560
3956 7.455360
3957 6.305920
3958 6.675680
3959 6.614080
3960 6.528960
3961 6.609920
3962 6.338400
3963 7.142560
3964 6.301600
3965 6.663680
3966 6.628000
3967 6.563360
3968 6.662560
3969 6.375200
3970 6.822080
3971 6.771520
3972 6.660160
3973 6.664320
3974 6.544960
3975 6.711040
3976 6.398720
3977 6.791840
3978 6.694880
3979 6.727040
3980 6.686560
3981 6.604000
3982 6.714080
3983 6.368160
3984 6.940640
3985 6.815360
3986 7.375680
3987 6.775680
3988 6.703040
3989 6.830240
3990 6.943680
3991 6.806720
3992 6.488800
3993 6.882240
3994 6.800480
3995 6.806400
3996 6.804320
3997 6.748640
3998 6.844160
3999 6.577120
4000 6.984000
4001 6.820960
4002 6.857280
4003 6.895840
4004 6.764960
4005 6.804000
4006 6.945760
4007 6.804640
4008 6.542880
4009 6.863200
4010 6.764160
4011 6.806240
4012 6.757120
4013 6.728480
4014 6.753440
4015 6.458880
4016 6.969440
4017 6.878240
4018 6.844800
4019 6.766720
4020 6.821760
4021 6.795200
4022 7.021920
4023 6.843200
4024 6.525920
4025 6.950880
4026 6.874880
4027 6.868480
4028 6.803680
4029 6.776480
4030 6.888320
4031 6.547360
4032 6.834560
4033 6.513920
4034 7.094240
4035 6.960320
4036 6.912800
4037 6.937280
4038 7.147200
4039 7.010880
4040 6.688800
4041 6.966880
4042 6.691520
4043 7.097600
4044 6.994720
4045 7.107520
4046 6.930240
4047 6.948480
4048 6.968960
4049 6.926720
4050 6.955680
4051 6.859200
4052 6.971840
4053 6.648800
4054 7.080160
4055 6.896480
4056 7.176160
4057 6.999520
4058 6.930720
4059 6.942560
4060 7.167200
4061 6.940160
4062 6.636960
4063 6.941280
4064 6.577600
4065 7.100000
4066 6.955520
4067 7.188000
4068 6.910240
4069 6.926400
4070 6.907040
4071 6.637120
4072 6.931680
4073 6.646240
4074 7.060640
4075 6.915840
4076 6.921280
4077 6.934400
4078 6.880160
4079 6.936320
4080 6.655200
4081 6.929120
4082 6.590560
4083 6.994080
4084 7.114560
4085 7.067840
4086 6.858240
4087 6.781120
4088 6.906720
4089 6.627360
4090 6.863360
4091 6.579680
4092 6.948640
4093 6.901760
4094 6.875360
4095 6.940960
4096 6.817120
4097 6.965280
4098 6.609920
4099 7.057120
4100 6.892800
4101 6.986240
4102 6.940480
4103 6.854400
4104 6.883040
4105 6.760960
4106 6.864000
4107 6.606240
4108 7.429920
4109 6.535360
4110 6.972480
4111 6.723520
4112 7.043200
4113 6.873760
4114 6.540640
4115 6.900480
4116 6.619200
4117 7.034400
4118 6.827200
4119 6.905120
4120 6.937440
4121 7.056000
4122 6.834080
4123 6.481920
4124 6.790240
4125 6.826720
4126 6.919680
4127 6.783680
4128 6.807680
4129 6.801760
4130 6.711840
4131 6.956640
4132 6.571520
4133 6.838720
4134 6.526880
4135 6.840640
4136 6.744320
4137 6.731040
4138 6.908000
4139 6.658080
4140 6.744800
4141 6.394240
4142 6.831680
4143 6.696000
4144 6.688800
4145 6.655040
4146 6.510720
4147 6.696000
4148 6.385760
4149 6.796000
4150 6.650560
4151 6.622720
4152 6.812800
4153 6.794240
4154 6.596960
4155 6.318400
4156 6.681120
4157 6.627040
4158 6.642720
4159 6.515200
4160 6.488640
4161 6.543520
4162 6.249760
4163 6.734240
4164 6.507840
4165 6.495040
4166 6.500320
4167 6.670400
4168 6.500640
4169 6.178400
4170 6.576480
4171 6.580640
4172 6.421120
4173 6.455520
4174 6.193600
4175 6.450240
4176 6.156320
4177 6.464800
4178 6.555200
4179 6.545280
4180 6.437760
4181 6.169760
4182 6.452640
4183 6.386720
4184 6.690080
4185 6.541280
4186 6.138880
4187 6.541120
4188 6.436800
4189 6.470880
4190 6.384480
4191 6.145440
4192 6.387680
4193 6.043520
4194 6.419680
4195 6.364000
4196 6.208160
4197 6.262880
4198 6.201920
4199 6.464960
4200 6.315520
4201 6.524960
4202 6.298880
4203 6.020800
4204 6.373600
4205 6.249600
4206 6.166080
4207 6.189280
4208 5.924160
4209 6.329120
4210 6.255840
4211 6.181440
4212 6.178080
4213 5.894080
4214 6.288480
4215 6.161600
4216 6.300480
4217 6.089920
4218 6.004480
4219 6.043840
4220 5.708640
4221 6.053440
4222 6.445440
4223 5.716800
4224 6.058720
4225 5.761280
4226 5.930240
4227 5.946240
4228 5.651360
4229 6.101920
4230 5.949120
4231 6.133600
4232 5.882560
4233 5.681440
4234 6.190720
4235 5.929280
4236 5.676800
4237 5.985280
4238 5.679520
4239 5.811840
4240 5.809760
4241 5.630560
4242 5.930240
4243 5.929440
4244 5.604000
4245 5.853600
4246 5.649440
4247 5.914560
4248 5.860800
4249 5.569920
4250 6.045440
4251 5.846720
4252 5.733600
4253 5.753120
4254 5.457120
4255 5.697920
4256 5.698400
4257 5.545440
4258 5.865760
4259 5.619040
4260 5.395200
4261 5.667040
4262 5.513600
4263 5.615840
4264 5.668160
4265 5.412640
4266 5.684160
4267 5.650720
4268 5.374400
4269 5.668960
4270 5.525280
4271 5.305600
4272 6.267360
4273 5.318080
4274 5.473760
4275 5.532160
4276 5.287680
4277 5.427680
4278 5.434080
4279 5.315200
4280 5.345440
4281 5.484160
4282 5.167200
4283 5.432160
4284 5.422080
4285 5.150240
4286 5.455680
4287 5.393280
4288 5.398720
4289 5.885280
4290 4.978720
4291 5.055040
4292 5.165120
4293 4.944640
4294 4.895840
4295 5.149280
4296 4.945280
4297 4.900640
4298 5.219840
4299 4.741440
4300 4.648800
4301 5.055360
4302 4.882560
4303 4.683200
4304 5.055840
4305 4.840320
4306 4.657440
4307 4.944800
4308 4.901600
4309 4.641440
4310 5.018880
4311 4.836480
4312 4.584640
4313 4.777120
4314 4.842880
4315 4.651680
4316 4.776320
4317 4.844160
4318 4.661120
4319 4.631200
4320 5.062080
4321 4.834240
4322 4.629760
4323 4.884800
4324 4.784320
4325 4.584800
4326 4.909920
4327 4.810080
4328 4.608800
4329 4.872640
4330 4.788000
4331 4.706560
4332 4.819360
4333 4.895200
4334 4.591200
4335 4.758240
4336 4.870080
4337 4.587360
4338 4.540800
4339 5.202720
4340 4.548160
4341 4.571360
4342 4.797440
4343 4.785920
4344 4.568800
4345 4.946560
4346 4.764960
4347 4.603040
4348 4.764320
4349 4.792480
4350 4.600160
4351 4.537280
4352 4.912160
4353 4.587680
4354 4.554240
4355 4.868960
4356 4.758560
4357 4.538080
4358 4.798720
4359 4.765280
4360 4.594240
4361 4.714240
4362 4.744320
4363 4.560640
4364 4.528800
4365 4.932800
4366 4.566400
4367 4.532480
4368 4.921440
4369 4.693920
4370 4.506720
4371 4.809280
4372 4.726560
4373 4.564480
4374 4.767680
4375 4.707840
4376 4.484000
4377 4.481280
4378 4.714240
4379 4.495200
4380 4.488960
4381 4.786880
4382 4.668320
4383 4.483200
4384 4.676960
4385 4.693280
4386 5.052160
4387 5.189760
4388 5.235520
4389 5.010080
4390 5.166240
4391 5.388160
4392 5.020160
4393 5.209600
4394 5.169600
4395 4.986240
4396 5.211520
4397 5.195360
4398 5.001760
4399 5.342240
4400 5.198560
4401 4.986400
4402 5.204160
4403 5.167200
4404 5.278080
4405 5.217600
4406 5.156640
4407 4.966880
4408 5.223200
4409 5.188160
4410 4.992800
4411 5.212960
4412 5.171680
4413 4.965760
4414 5.265920
4415 5.192480
4416 4.940960
4417 5.207040
4418 5.177600
4419 4.940640
4420 5.201280
4421 5.183840
4422 4.966400
4423 5.236960
4424 5.132800
4425 4.952800
4426 5.236160
4427 5.143680
4428 4.946400
4429 5.245440
4430 5.162400
4431 4.919040
4432 5.202720
4433 5.182400
4434 4.964320
4435 5.228800
4436 5.141440
4437 4.923200
4438 5.481440
4439 5.177600
4440 4.958240
4441 5.092640
4442 4.903200
4443 4.898400
4444 5.134080
4445 4.911360
4446 4.932480
4447 5.148000
4448 4.910560
4449 4.867040
4450 5.321440
4451 4.917920
4452 4.894720
4453 5.117440
4454 4.895200
4455 5.096000
4456 5.100640
4457 4.922880
4458 5.022560
4459 5.963680
4460 4.883520
4461 4.886720
4462 5.306560
4463 5.137760
4464 4.958880
4465 5.138240
4466 4.922400
4467 4.912960
4468 5.283840
4469 5.145600
4470 4.916000
4471 5.997600
4472 4.923520
4473 4.918880
4474 5.145600
4475 4.945440
4476 4.926880
4477 6.103040
4478 4.906400
4479 4.909440
4480 5.090080
4481 4.908160
4482 4.885280
4483 5.104640
4484 4.866400
4485 4.883680
4486 5.997280
4487 4.891040
4488 4.903040
4489 5.057440
4490 4.889920
4491 4.843840
4492 5.642400
4493 4.913440
4494 4.873760
4495 5.184480
4496 5.096480
4497 4.855840
4498 5.231040
4499 5.103040
4500 4.873280
4501 5.161280
4502 5.226720
4503 4.874400
4504 5.157600
4505 5.051040
4506 4.838560
4507 5.122400
4508 5.011040
4509 4.801600
4510 5.006880
4511 4.930720
4512 4.740000
4513 4.991840
4514 4.930080
4515 4.735520
4516 5.123200
4517 4.939200
4518 4.772640
4519 5.084000
4520 4.940000
4521 4.737120
4522 4.934080
4523 4.729760
4524 4.734240
4525 5.012320
4526 4.855360
4527 4.794240
4528 5.023840
4529 4.950560
4530 4.695840
4531 5.041760
4532 4.890560
4533 4.650720
4534 4.905440
4535 4.885920
4536 4.674560
4537 4.867200
4538 4.927200
4539 4.661440
4540 4.818080
4541 4.836320
4542 4.676160
4543 4.641440
4544 4.808000
4545 4.622240
4546 4.592160
4547 5.029920
4548 4.815680
4549 4.664160
4550 4.847360
4551 4.912480
4552 4.599360
4553 5.115840
4554 4.790880
4555 4.590880
4556 4.765440
4557 4.770880
4558 4.884160
4559 4.598720
4560 4.794400
4561 4.602560
4562 4.620320
4563 4.923040
4564 4.785120
4565 4.100000
4566 4.451680
4567 4.320320
4568 4.129440
4569 4.302080
4570 4.348000
4571 4.164320
4572 4.120960
4573 4.412800
4574 4.451200
4575 4.126400
4576 4.301440
4577 4.268960
4578 4.114720
4579 4.107360
4580 4.384480
4581 4.307680
4582 4.315040
4583 4.308960
4584 4.291840
4585 4.196160
4586 4.092160
4587 4.353440
4588 4.508640
4589 4.151040
4590 4.124960
4591 4.284480
4592 4.068160
4593 4.094560
4594 4.334240
4595 4.314720
4596 4.106720
4597 4.142240
4598 4.413920
4599 4.240960
4600 4.101760
4601 4.301280
4602 4.335680
4603 4.161600
4604 4.103360
4605 4.394880
4606 4.326560
4607 4.142240
4608 4.315520
4609 4.306720
4610 4.120320
4611 4.130880
4612 4.388000
4613 4.408640
4614 4.114240
4615 4.295040
4616 4.328160
4617 4.074240
4618 4.065600
4619 4.388000
4620 4.204320
4621 4.087840
4622 4.225920
4623 4.240960
4624 4.283200
4625 4.074560
4626 4.340480
4627 4.192160
4628 4.064320
4629 4.035200
4630 4.216000
4631 4.044640
4632 4.056480
4633 4.182240
4634 4.140960
4635 3.986080
4636 4.146240
4637 4.238880
4638 4.165920
4639 3.981440
4640 4.343520
4641 4.144480
4642 3.988480
4643 4.118240
4644 4.188160
4645 4.152160
4646 3.961440
4647 3.967840
4648 4.246080
4649 4.126720
4650 3.945600
4651 4.194400
4652 4.154080
4653 3.995040
4654 3.980320
4655 4.277760
4656 4.118880
4657 3.948000
4658 4.153280
4659 4.143520
4660 3.959200
4661 3.954080
4662 4.208960
4663 4.119200
4664 3.929440
4665 4.140800
4666 4.108800
4667 3.964800
4668 3.938240
4669 4.156160
4670 4.058080
4671 3.869280
4672 4.070080
4673 4.213120
4674 4.073600
4675 3.940000
4676 3.920160
4677 4.054880
4678 3.906400
4679 3.854400
4680 4.072640
4681 4.080480
4682 3.883840
4683 3.930720
4684 4.145600
4685 4.088960
4686 3.871360
4687 4.032160
4688 4.589280
4689 3.894560
4690 3.860000
4691 3.851520
4692 4.005440
4693 3.844640
4694 3.847840
4695 4.027040
4696 4.048160
4697 3.888320
4698 3.858720
4699 4.054880
4700 4.027040
4701 3.850880
4702 3.844320
4703 4.131360
4704 3.944320
4705 3.816800
4706 3.784480
4707 3.984800
4708 3.765760
4709 3.812000
4710 3.988480
4711 3.982560
4712 3.824640
4713 3.832480
4714 3.975520
4715 4.114560
4716 3.803200
4717 3.806560
4718 4.030080
4719 3.977600
4720 3.797600
4721 3.828800
4722 4.038880
4723 3.966080
4724 3.982560
4725 3.794720
4726 4.148320
4727 3.983520
4728 3.816800
4729 3.817440
4730 3.982080
4731 3.794880
4732 3.798720
4733 3.782240
4734 3.986400
4735 3.872800
4736 3.811520
4737 4.151680
4738 3.968800
4739 3.809600
4740 3.763840
4741 4.022400
4742 3.987680
4743 3.804000
4744 3.825440
4745 4.069760
4746 3.964640
4747 3.801280
4748 3.610560
4749 3.982080
4750 3.777920
4751 3.657280
4752 3.629760
4753 3.943360
4754 3.818720
4755 3.644960
4756 3.612000
4757 3.953600
4758 3.771360
4759 3.609760
4760 3.601600
4761 3.883360
4762 3.764320
4763 3.589280
4764 3.598720
4765 3.770240
4766 3.611040
4767 3.620320
4768 3.735040
4769 3.767360
4770 3.574080
4771 3.562720
4772 3.552160
4773 3.771360
4774 3.620000
4775 3.618720
4776 3.615680
4777 3.766400
4778 3.593600
4779 3.583200
4780 3.586880
4781 4.375200
4782 3.596640
4783 3.508800
4784 3.686080
4785 4.197920
4786 3.557120
4787 3.508160
4788 3.529440
4789 3.866080
4790 3.535680
4791 3.712320
4792 3.536640
4793 3.672320
4794 3.504000
4795 3.509440
4796 4.104160
4797 3.707520
4798 3.516640
4799 3.505440
4800 3.508480
4801 3.838560
4802 3.681120
4803 3.527200
4804 3.500640
4805 3.851200
4806 3.677440
4807 3.512480
4808 3.499520
4809 3.778400
4810 3.641920
4811 3.512000
4812 3.484800
4813 3.791840
4814 3.685440
4815 3.527840
4816 3.532960
4817 3.718400
4818 3.667520
4819 3.521120
4820 3.475680
4821 3.692640
4822 3.692960
4823 3.544320
4824 3.487200
4825 3.636000
4826 3.615360
4827 3.461120
4828 3.448640
4829 3.445600
4830 3.766240
4831 3.644160
4832 3.457120
4833 3.479520
4834 3.715840
4835 3.659680
4836 3.502560
4837 3.507040
4838 3.748960
4839 3.681760
4840 3.511680
4841 3.496320
4842 3.701120
4843 3.638400
4844 3.494720
4845 3.485440
4846 3.666720
4847 3.659040
4848 3.507040
4849 3.509920
4850 3.496480
4851 3.679200
4852 3.495360
4853 3.500160
4854 3.662880
4855 3.654880
4856 3.552160
4857 3.621120
4858 3.518080
4859 3.853280
4860 3.696000
4861 3.513280
4862 3.513440
4863 3.764800
4864 3.670880
4865 3.511840
4866 3.452160
4867 3.740000
4868 3.655680
4869 3.501760
4870 3.406240
4871 3.595520
4872 3.586720
4873 3.420960
4874 3.418880
4875 3.388640
4876 3.547040
4877 3.563040
4878 3.381440
4879 3.374240
4880 3.706400
4881 3.588000
4882 3.410880
4883 3.396160
4884 4.104000
4885 3.521440
4886 3.367040
4887 3.359360
4888 3.571200
4889 3.495200
4890 3.352320
4891 3.512800
4892 3.665920
4893 3.477120
4894 3.365920
4895 3.324960
4896 3.299840
4897 3.714240
4898 3.486880
4899 3.332480
4900 3.266720
4901 3.504320
4902 3.435040
4903 3.308480
4904 3.273920
4905 3.280160
4906 3.471680
4907 3.331840
4908 3.291360
4909 3.308800
4910 4.068800
4911 3.338720
4912 3.312320
4913 3.318880
4914 3.560000
4915 3.459040
4916 3.358880
4917 3.334240
4918 3.605280
4919 3.450080
4920 3.320800
4921 3.297440
4922 3.232640
4923 3.496480
4924 3.359520
4925 3.239360
4926 3.305760
4927 3.401120
4928 3.373600
4929 3.218080
4930 3.189280
4931 3.401760
4932 3.974880
4933 3.243360
4934 3.214560
4935 3.218080
4936 3.457440
4937 3.512800
4938 3.238240
4939 3.176480
4940 3.183040
4941 3.839520
4942 3.227200
4943 3.194720
4944 3.189760
4945 3.417760
4946 3.315360
4947 3.218880
4948 3.339680
4949 3.212800
4950 3.560160
4951 3.252800
4952 3.219360
4953 3.196960
4954 3.617280
4955 3.528800
4956 3.406400
4957 3.405440
4958 3.591360
4959 3.580160
4960 3.258560
4961 3.412480
4962 3.389280
4963 3.976480
4964 3.405440
4965 3.397760
4966 3.375040
4967 3.658560
4968 3.519040
4969 3.384640
4970 3.356000
4971 3.658080
4972 3.478400
4973 3.316000
4974 3.287360
4975 3.300960
4976 3.501440
4977 3.321440
4978 3.286240
4979 3.337920
4980 3.538880
4981 3.512000
4982 3.351840
4983 3.339840
4984 3.500320
4985 3.529600
4986 3.398080
4987 3.374080
4988 3.313920
4989 3.313440
4990 3.328160
4991 3.365440
4992 3.462080
4993 3.693920
4994 3.287680
4995 3.306080
4996 3.348480
4997 3.519840
4998 3.472320
4999 3.340320
5000 3.318400
